1310000.000000 
1310000.000000 
1310000.000000 
1310000.000000 
1342724.000000 
1310000.000000 
1342724.000000 
1342724.000000 
1342724.000000 
1310000.000000 
1342724.000000 
1310000.000000 
1306404.000000 
1310000.000000 
1310000.000000 
1348241.000000 
1310000.000000 
1324464.000000 
1342724.000000 
gaaaaaaayyyyyy
1310000.000000 
1342724.000000 
1310000.000000 
1342724.000000 
1310000.000000 
1310000.000000 
1306404.000000 
1342724.000000 
1342724.000000 
1342724.000000 
1310000.000000 
1342724.000000 
1342724.000000 
1342724.000000 
1310000.000000 
1342724.000000 
1342724.000000 
1342724.000000 
1310000.000000 
1310000.000000 
1342724.000000 
1342724.000000 
1383600.000000 
1342724.000000 
1331744.000000 
1299236.000000 
1310000.000000 
1342724.000000 
1342724.000000 
1342724.000000 
1310000.000000 
1310000.000000 
1342724.000000 
1342724.000000 
1342724.000000 
1346400.000000 
1342724.000000 
1435089.000000 
1310000.000000 
1342724.000000 
1310000.000000 
1310000.000000 
1342724.000000 
1342724.000000 
1342724.000000 
1342724.000000 
1346400.000000 
1342724.000000 
1310000.000000 
790.578235 
1342724.000000 
1310000.000000 
146.055252 
1310000.000000 
1310000.000000 
1342724.000000 
1310000.000000 
1310000.000000 
1310000.000000 
1383600.000000 
1335396.000000 
1342724.000000 
1310000.000000 
1310000.000000 
1342724.000000 
1310000.000000 
1310000.000000 
1310000.000000 
1342724.000000 
1342724.000000 
150.066076 
1310000.000000 
1342724.000000 
1310000.000000 
1342724.000000 
1310000.000000 
1342724.000000 
1342724.000000 
1342724.000000 
1310000.000000 
