0 1.196958828436666 0.222522987582894
1 1.172884957823905 0.129959711356366
2 1.160844755868255 0.091144017236922
3 1.153769899114494 0.071392616095072
4 1.149134193679763 0.059689550772243
5 1.145836066850736 0.052093003808643
6 1.143327519383269 0.046946694688857
7 1.141307994684760 0.043442779138288
8 1.139598729464902 0.041144145347732
9 1.138084960174473 0.039803517412530
10 1.136686716230145 0.039286233913498
11 1.135342608239911 0.039535161565967
12 1.133999692361954 0.040556168631881
13 1.132605922009453 0.042416382409571
14 1.131103018633810 0.045253379920959
15 1.129417852838922 0.049297276590291
16 1.127449848844102 0.054911913699843
17 1.125050177804629 0.062668282601431
18 1.121984438094839 0.073476924432287
19 1.117861087585761 0.088835278390351
20 3.239715891350075 0.351418539838018
21 1.176244112152503 0.311264627903977
22 1.152872780465698 0.144532673449226
23 1.147059618727836 0.081106935675742
24 1.144054198282572 0.057324856703779
25 1.141865727195057 0.047449267933121
26 1.140071055488218 0.042814709777923
27 1.138507928690259 0.040508563214073
28 1.137082596667965 0.039507819298737
29 1.135728313415312 0.039443524736497
30 1.134390235202206 0.040202033790691
31 1.133016684065258 0.041795624276880
32 1.131551932757165 0.044326371396080
33 1.129928187633708 0.047989364129764
34 1.128054456999167 0.053102120910018
35 1.125798719797256 0.060164799978842
36 1.122956622185304 0.069970829018852
37 1.119192562364349 0.083812205147771
38 3.242463425958058 0.345941258822929
39 1.176113853446635 0.311396504571027
40 1.152936410809688 0.144457648767143
41 1.147129576330332 0.081108582359315
42 1.144111899077441 0.057368421752773
43 1.141913340606663 0.047498636780943
44 1.140111878784159 0.042853999711345
45 1.138544439440287 0.040532430092272
46 1.137116612740446 0.039514776381952
47 1.135761274556875 0.039432905242604
48 1.134423418961428 0.040172706802502
49 1.133051381288848 0.041745352775706
50 1.131589624068083 0.044251281343697
51 1.129970766710967 0.047883230473897
52 1.128104566098692 0.052955202989269
53 1.125860313164854 0.059961824790090
54 1.123035987851827 0.069687364721805
55 1.119300300007864 0.083407854742739
56 3.242688589035791 0.345483308015392
57 1.176103344812752 0.311406818307810
58 1.152941880509426 0.144451420092594
59 1.147135508683301 0.081108874620653
60 1.144116780402732 0.057372195052208
61 1.141917364623297 0.047502859327933
62 1.140115326603480 0.042857350870237
63 1.138547521238333 0.040534470311720
64 1.137119482414229 0.039515386211442
65 1.135764053793262 0.039432031827819
66 1.134426215547954 0.040170257116636
67 1.133054303942706 0.041741140317614
68 1.131592797287963 0.044244981926578
69 1.129974349517634 0.047874322574159
70 1.128108780150239 0.052942870333262
71 1.125865489890301 0.059944787660978
72 1.123042653878169 0.069663576709084
73 1.119309342369058 0.083373933936762
74 3.242707506674254 0.345444768319153
75 1.176102463118172 0.311407681371883
76 1.152942341871709 0.144450896241761
77 1.147136008515314 0.081108900307971
78 1.144117191597299 0.057372513522376
79 1.141917703571722 0.047503215351403
80 1.140115617002659 0.042857633358596
81 1.138547780795434 0.040534642325552
82 1.137119724095313 0.039515437733056
83 1.135764287847401 0.039431958427876
84 1.134426451053376 0.040170050979988
85 1.133054550053995 0.041740785751844
86 1.131593064487418 0.044244451645989
87 1.129974651192536 0.047873572684052
88 1.128109134958199 0.052941832128794
89 1.125865925730629 0.059943353424492
90 1.123043215076253 0.069661574197352
91 1.119310103575855 0.083371078517190
92 3.242709099347674 0.345441523217507
93 1.176102388898138 0.311407754007151
94 1.152942380725920 0.144450852135918
95 1.147136050605824 0.081108902478462
96 1.144117226222454 0.057372540345418
97 1.141917732114388 0.047503245333550
98 1.140115641456671 0.042857657147850
99 1.138547802652176 0.040534656811200
100 1.137119744446774 0.039515442072129
101 1.135764307556770 0.039431952248298
102 1.134426470884450 0.040170033622033
103 1.133054570778086 0.041740755896136
104 1.131593086985957 0.044244406996153
105 1.129974676594776 0.047873509541199
106 1.128109164835130 0.052941744707934
107 1.125865962430360 0.059943232657286
108 1.123043262330780 0.069661405579563
109 1.119310167673258 0.083370838080176
110 3.242709233456019 0.345441249962332
111 1.176102382648381 0.311407760122667
112 1.152942383997885 0.144450848421986
113 1.147136054149578 0.081108902662404
114 1.144117229139265 0.057372542602959
115 1.141917734517655 0.047503247858353
116 1.140115643515862 0.042857659150587
117 1.138547804491592 0.040534658032126
118 1.137119746159980 0.039515442438016
119 1.135764309215437 0.039431951729089
120 1.134426472554266 0.040170032160833
121 1.133054572522520 0.041740753382698
122 1.131593088881697 0.044244403235482
123 1.129974678734067 0.047873504224322
124 1.128109167351020 0.052941737345715
125 1.125865965520313 0.059943222487388
126 1.123043266311367 0.069661391379903
127 1.119310173069854 0.083370817834453
128 3.242709244749027 0.345441226951990
129 1.176102382122366 0.311407760638089
130 1.152942384274107 0.144450848108424
131 1.147136054448293 0.081108902677700
132 1.144117229385149 0.057372542792959
133 1.141917734720282 0.047503248070485
134 1.140115643689344 0.042857659320134
135 1.138547804647213 0.040534658133977
136 1.137119746304216 0.039515442469331
137 1.135764309355936 0.039431951684317
138 1.134426472693813 0.040170032038336
139 1.133054572670213 0.041740753170283
140 1.131593089041129 0.044244402918543
141 1.129974678914176 0.047873503776634
142 1.128109167562748 0.052941736725890
143 1.125865965780813 0.059943221631029
144 1.123043266644640 0.069661390185819
145 1.119310173524680 0.083370816130242
146 3.242709245700538 0.345441225015620
147 1.176102382077616 0.311407760681901
148 1.152942384296870 0.144450848082765
149 1.147136054473701 0.081108902678555
150 1.144117229405361 0.057372542808770
151 1.141917734736764 0.047503248089509
152 1.140115643703551 0.042857659333999
153 1.138547804660309 0.040534658143611
154 1.137119746316276 0.039515442471652
155 1.135764309366864 0.039431951682289
156 1.134426472705720 0.040170032028947
157 1.133054572680401 0.041740753154216
158 1.131593089053750 0.044244402892652
159 1.129974678929597 0.047873503737837
160 1.128109167580598 0.052941736674541
161 1.125865965803174 0.059943221558389
162 1.123043266673574 0.069661390083937
163 1.119310173562602 0.083370815985637
164 3.242709245780596 0.345441224851943
165 1.176102382073383 0.311407760686054
166 1.152942384298381 0.144450848080957
167 1.147136054475744 0.081108902678293
168 1.144117229406710 0.057372542811056
169 1.141917734738188 0.047503248090935
170 1.140115643705456 0.042857659334923
171 1.138547804661305 0.040534658143664
172 1.137119746316430 0.039515442472915
173 1.135764309367948 0.039431951681100
174 1.134426472707465 0.040170032026808
175 1.133054572683152 0.041740753150168
176 1.131593089055537 0.044244402890437
177 1.129974678929572 0.047873503735618
178 1.128109167582450 0.052941736668736
179 1.125865965803133 0.059943221555126
180 1.123043266676244 0.069661390076057
181 1.119310173565564 0.083370815975168
182 3.242709245787625 0.345441224838595
183 1.176102382073574 0.311407760685660
184 1.152942384298938 0.144450848080502
185 1.147136054475989 0.081108902678042
186 1.144117229406680 0.057372542811861
187 1.141917734739055 0.047503248090449
188 1.140115643706414 0.042857659334018
189 1.138547804661419 0.040534658143268
190 1.137119746317384 0.039515442471516
191 1.135764309368974 0.039431951680530
192 1.134426472707872 0.040170032026932
193 1.133054572682759 0.041740753151464
194 1.131593089055347 0.044244402890460
195 1.129974678930218 0.047873503735665
196 1.128109167582634 0.052941736669220
197 1.125865965804112 0.059943221552689
198 1.123043266677080 0.069661390074987
199 1.119310173566812 0.083370815972100
200 3.242709245788046 0.345441224837175
201 1.176102382073423 0.311407760685901
202 1.152942384299626 0.144450848079713
203 1.147136054475792 0.081108902678208
204 1.144117229407522 0.057372542811071
205 1.141917734738487 0.047503248090788
206 1.140115643705659 0.042857659334682
207 1.138547804662196 0.040534658142809
208 1.137119746317755 0.039515442471134
209 1.135764309368501 0.039431951681152
210 1.134426472706785 0.040170032027935
211 1.133054572682683 0.041740753151746
212 1.131593089055720 0.044244402890270
213 1.129974678929653 0.047873503735488
214 1.128109167582362 0.052941736669318
215 1.125865965804612 0.059943221552790
216 1.123043266676684 0.069661390075312
217 1.119310173566014 0.083370815973234
218 3.242709245787759 0.345441224836879
219 1.176102382073487 0.311407760685571
220 1.152942384298695 0.144450848080476
221 1.147136054476023 0.081108902678070
222 1.144117229407832 0.057372542810656
223 1.141917734738383 0.047503248091197
224 1.140115643705055 0.042857659335127
225 1.138547804661742 0.040534658143673
226 1.137119746318386 0.039515442470844
227 1.135764309368018 0.039431951681395
228 1.134426472707322 0.040170032027478
229 1.133054572683170 0.041740753151249
230 1.131593089055106 0.044244402890789
231 1.129974678930919 0.047873503734263
232 1.128109167582950 0.052941736669290
233 1.125865965804363 0.059943221552451
234 1.123043266677080 0.069661390074972
235 1.119310173566812 0.083370815972097
236 3.242709245788046 0.345441224837175
237 1.176102382073423 0.311407760685901
238 1.152942384299626 0.144450848079713
239 1.147136054475792 0.081108902678208
240 1.144117229407522 0.057372542811071
241 1.141917734738487 0.047503248090788
242 1.140115643705659 0.042857659334682
243 1.138547804662196 0.040534658142809
244 1.137119746317755 0.039515442471134
245 1.135764309368501 0.039431951681152
246 1.134426472706785 0.040170032027935
247 1.133054572682683 0.041740753151746
248 1.131593089055720 0.044244402890270
249 1.129974678929653 0.047873503735488
250 1.128109167582362 0.052941736669318
251 1.125865965804612 0.059943221552790
252 1.123043266676684 0.069661390075312
253 1.119310173566014 0.083370815973234
254 3.242709245787759 0.345441224836879
255 1.176102382073487 0.311407760685571
256 1.152942384298695 0.144450848080476
257 1.147136054476023 0.081108902678070
258 1.144117229407832 0.057372542810656
259 1.141917734738383 0.047503248091197
260 1.140115643705055 0.042857659335127
261 1.138547804661742 0.040534658143673
262 1.137119746318386 0.039515442470844
263 1.135764309368018 0.039431951681395
264 1.134426472707322 0.040170032027478
265 1.133054572683170 0.041740753151249
266 1.131593089055106 0.044244402890789
267 1.129974678930919 0.047873503734263
268 1.128109167582950 0.052941736669290
269 1.125865965804363 0.059943221552451
270 1.123043266677080 0.069661390074972
271 1.119310173566812 0.083370815972097
272 3.242709245788046 0.345441224837175
273 1.176102382073423 0.311407760685901
274 1.152942384299626 0.144450848079713
275 1.147136054475792 0.081108902678208
276 1.144117229407522 0.057372542811071
277 1.141917734738487 0.047503248090788
278 1.140115643705659 0.042857659334682
279 1.138547804662196 0.040534658142809
280 1.137119746317755 0.039515442471134
281 1.135764309368501 0.039431951681152
282 1.134426472706785 0.040170032027935
283 1.133054572682683 0.041740753151746
284 1.131593089055720 0.044244402890270
285 1.129974678929653 0.047873503735488
286 1.128109167582362 0.052941736669318
287 1.125865965804612 0.059943221552790
288 1.123043266676684 0.069661390075312
289 1.119310173566014 0.083370815973234
290 3.242709245787759 0.345441224836879
291 1.176102382073487 0.311407760685571
292 1.152942384298695 0.144450848080476
293 1.147136054476023 0.081108902678070
294 1.144117229407832 0.057372542810656
295 1.141917734738383 0.047503248091197
296 1.140115643705055 0.042857659335127
297 1.138547804661742 0.040534658143673
298 1.137119746318386 0.039515442470844
299 1.135764309368018 0.039431951681395
300 1.134426472707322 0.040170032027478
301 1.133054572683170 0.041740753151249
302 1.131593089055106 0.044244402890789
303 1.129974678930919 0.047873503734263
304 1.128109167582950 0.052941736669290
305 1.125865965804363 0.059943221552451
306 1.123043266677080 0.069661390074972
307 1.119310173566812 0.083370815972097
308 3.242709245788046 0.345441224837175
309 1.176102382073423 0.311407760685901
310 1.152942384299626 0.144450848079713
311 1.147136054475792 0.081108902678208
312 1.144117229407522 0.057372542811071
313 1.141917734738487 0.047503248090788
314 1.140115643705659 0.042857659334682
315 1.138547804662196 0.040534658142809
316 1.137119746317755 0.039515442471134
317 1.135764309368501 0.039431951681152
318 1.134426472706785 0.040170032027935
319 1.133054572682683 0.041740753151746
320 1.131593089055720 0.044244402890270
321 1.129974678929653 0.047873503735488
322 1.128109167582362 0.052941736669318
323 1.125865965804612 0.059943221552790
324 1.123043266676684 0.069661390075312
325 1.119310173566014 0.083370815973234
326 3.242709245787759 0.345441224836879
327 1.176102382073487 0.311407760685571
328 1.152942384298695 0.144450848080476
329 1.147136054476023 0.081108902678070
330 1.144117229407832 0.057372542810656
331 1.141917734738383 0.047503248091197
332 1.140115643705055 0.042857659335127
333 1.138547804661742 0.040534658143673
334 1.137119746318386 0.039515442470844
335 1.135764309368018 0.039431951681395
336 1.134426472707322 0.040170032027478
337 1.133054572683170 0.041740753151249
338 1.131593089055106 0.044244402890789
339 1.129974678930919 0.047873503734263
340 1.128109167582950 0.052941736669290
341 1.125865965804363 0.059943221552451
342 1.123043266677080 0.069661390074972
343 1.119310173566812 0.083370815972097
344 3.242709245788046 0.345441224837175
345 1.176102382073423 0.311407760685901
346 1.152942384299626 0.144450848079713
347 1.147136054475792 0.081108902678208
348 1.144117229407522 0.057372542811071
349 1.141917734738487 0.047503248090788
350 1.140115643705659 0.042857659334682
351 1.138547804662196 0.040534658142809
352 1.137119746317755 0.039515442471134
353 1.135764309368501 0.039431951681152
354 1.134426472706785 0.040170032027935
355 1.133054572682683 0.041740753151746
356 1.131593089055720 0.044244402890270
357 1.129974678929653 0.047873503735488
358 1.128109167582362 0.052941736669318
359 1.125865965804612 0.059943221552790
360 1.123043266676684 0.069661390075312
361 1.119310173566014 0.083370815973234
362 3.242709245787759 0.345441224836879
363 1.176102382073487 0.311407760685571
364 1.152942384298695 0.144450848080476
365 1.147136054476023 0.081108902678070
366 1.144117229407832 0.057372542810656
367 1.141917734738383 0.047503248091197
368 1.140115643705055 0.042857659335127
369 1.138547804661742 0.040534658143673
370 1.137119746318386 0.039515442470844
371 1.135764309368018 0.039431951681395
372 1.134426472707322 0.040170032027478
373 1.133054572683170 0.041740753151249
374 1.131593089055106 0.044244402890789
375 1.129974678930919 0.047873503734263
376 1.128109167582950 0.052941736669290
377 1.125865965804363 0.059943221552451
378 1.123043266677080 0.069661390074972
379 1.119310173566812 0.083370815972097
380 3.242709245788046 0.345441224837175
381 1.176102382073423 0.311407760685901
382 1.152942384299626 0.144450848079713
383 1.147136054475792 0.081108902678208
384 1.144117229407522 0.057372542811071
385 1.141917734738487 0.047503248090788
386 1.140115643705659 0.042857659334682
387 1.138547804662196 0.040534658142809
388 1.137119746317755 0.039515442471134
389 1.135764309368501 0.039431951681152
390 1.134426472706785 0.040170032027935
391 1.133054572682683 0.041740753151746
392 1.131593089055720 0.044244402890270
393 1.129974678929653 0.047873503735488
394 1.128109167582362 0.052941736669318
395 1.125865965804612 0.059943221552790
396 1.123043266676684 0.069661390075312
397 1.119310173566014 0.083370815973234
398 3.242709245787759 0.345441224836879
399 1.176102382073487 0.311407760685571
400 1.152942384298695 0.144450848080476
401 1.147136054476023 0.081108902678070
402 1.144117229407832 0.057372542810656
403 1.141917734738383 0.047503248091197
404 1.140115643705055 0.042857659335127
405 1.138547804661742 0.040534658143673
406 1.137119746318386 0.039515442470844
407 1.135764309368018 0.039431951681395
408 1.134426472707322 0.040170032027478
409 1.133054572683170 0.041740753151249
410 1.131593089055106 0.044244402890789
411 1.129974678930919 0.047873503734263
412 1.128109167582950 0.052941736669290
413 1.125865965804363 0.059943221552451
414 1.123043266677080 0.069661390074972
415 1.119310173566812 0.083370815972097
416 3.242709245788046 0.345441224837175
417 1.176102382073423 0.311407760685901
418 1.152942384299626 0.144450848079713
419 1.147136054475792 0.081108902678208
420 1.144117229407522 0.057372542811071
421 1.141917734738487 0.047503248090788
422 1.140115643705659 0.042857659334682
423 1.138547804662196 0.040534658142809
424 1.137119746317755 0.039515442471134
425 1.135764309368501 0.039431951681152
426 1.134426472706785 0.040170032027935
427 1.133054572682683 0.041740753151746
428 1.131593089055720 0.044244402890270
429 1.129974678929653 0.047873503735488
430 1.128109167582362 0.052941736669318
431 1.125865965804612 0.059943221552790
432 1.123043266676684 0.069661390075312
433 1.119310173566014 0.083370815973234
434 3.242709245787759 0.345441224836879
435 1.176102382073487 0.311407760685571
436 1.152942384298695 0.144450848080476
437 1.147136054476023 0.081108902678070
438 1.144117229407832 0.057372542810656
439 1.141917734738383 0.047503248091197
440 1.140115643705055 0.042857659335127
441 1.138547804661742 0.040534658143673
442 1.137119746318386 0.039515442470844
443 1.135764309368018 0.039431951681395
444 1.134426472707322 0.040170032027478
445 1.133054572683170 0.041740753151249
446 1.131593089055106 0.044244402890789
447 1.129974678930919 0.047873503734263
448 1.128109167582950 0.052941736669290
449 1.125865965804363 0.059943221552451
450 1.123043266677080 0.069661390074972
451 1.119310173566812 0.083370815972097
452 3.242709245788046 0.345441224837175
453 1.176102382073423 0.311407760685901
454 1.152942384299626 0.144450848079713
455 1.147136054475792 0.081108902678208
456 1.144117229407522 0.057372542811071
457 1.141917734738487 0.047503248090788
458 1.140115643705659 0.042857659334682
459 1.138547804662196 0.040534658142809
460 1.137119746317755 0.039515442471134
461 1.135764309368501 0.039431951681152
462 1.134426472706785 0.040170032027935
463 1.133054572682683 0.041740753151746
464 1.131593089055720 0.044244402890270
465 1.129974678929653 0.047873503735488
466 1.128109167582362 0.052941736669318
467 1.125865965804612 0.059943221552790
468 1.123043266676684 0.069661390075312
469 1.119310173566014 0.083370815973234
470 3.242709245787759 0.345441224836879
471 1.176102382073487 0.311407760685571
472 1.152942384298695 0.144450848080476
473 1.147136054476023 0.081108902678070
474 1.144117229407832 0.057372542810656
475 1.141917734738383 0.047503248091197
476 1.140115643705055 0.042857659335127
477 1.138547804661742 0.040534658143673
478 1.137119746318386 0.039515442470844
479 1.135764309368018 0.039431951681395
480 1.134426472707322 0.040170032027478
481 1.133054572683170 0.041740753151249
482 1.131593089055106 0.044244402890789
483 1.129974678930919 0.047873503734263
484 1.128109167582950 0.052941736669290
485 1.125865965804363 0.059943221552451
486 1.123043266677080 0.069661390074972
487 1.119310173566812 0.083370815972097
488 3.242709245788046 0.345441224837175
489 1.176102382073423 0.311407760685901
490 1.152942384299626 0.144450848079713
491 1.147136054475792 0.081108902678208
492 1.144117229407522 0.057372542811071
493 1.141917734738487 0.047503248090788
494 1.140115643705659 0.042857659334682
495 1.138547804662196 0.040534658142809
496 1.137119746317755 0.039515442471134
497 1.135764309368501 0.039431951681152
498 1.134426472706785 0.040170032027935
499 1.133054572682683 0.041740753151746
