0 1.212682304248558 0.207118254406329
1 1.192185987994153 0.115746622896793
2 1.182746106369861 0.076890600662458
3 1.177712833600419 0.056652202586521
4 1.174764229023552 0.044258161129028
5 1.172916854468961 0.035831934263741
6 1.171698637082661 0.029722984893705
7 1.170861954189591 0.025105610325773
8 1.170267879965045 0.021511589919953
9 1.169834191443008 0.018651028363395
10 1.169510042418455 0.016333197832676
11 1.169262810084790 0.014427028212813
12 1.169070895004739 0.012839435580452
13 1.168919601867048 0.011502569744702
14 1.168798691915675 0.010365904039473
15 1.168700880143683 0.009391124944650
16 1.168620885530527 0.008548721807455
17 1.168554815280178 0.007815649733393
18 1.168499756415472 0.007173691520439
19 1.168453499262675 0.006608287277160
20 1.168414346743532 0.006107683904511
21 1.168380980631782 0.005662307705373
22 1.168352366291229 0.005264295301590
23 1.168327683861142 0.004907138637110
24 1.168306277915695 0.004585413300803
25 1.168287620172665 0.004294568470599
26 1.168271281586997 0.004030762994415
27 1.168256911223463 0.003790736333964
28 1.168244220138272 0.003571706127023
29 1.168232968951513 0.003371286277368
30 1.168222958181670 0.003187420997767
31 1.168214020693969 0.003018331303734
32 1.168206015728971 0.002862471401691
33 1.168198824162549 0.002718492887144
34 1.168192344727787 0.002585215188849
35 1.168186490942102 0.002461601095890
36 1.168181188673989 0.002346736309465
37 1.168176374100355 0.002239812358310
38 1.168171992092303 0.002140112201994
39 1.168167994848861 0.002046998087484
40 1.168164340789300 0.001959901234740
41 1.168160993622030 0.001878313076166
42 1.168157921584724 0.001801777735503
43 1.168155096784319 0.001729885621037
44 1.168152494666907 0.001662267883909
45 1.168150093556973 0.001598591635933
46 1.168147874267455 0.001538555835711
47 1.168145819774541 0.001481887681588
48 1.168143914943301 0.001428339489740
49 1.168142146274286 0.001377685976220
50 1.168140501715175 0.001329721850780
51 1.168138970468515 0.001284259740184
52 1.168137542856165 0.001241128328570
53 1.168136210173865 0.001200170729843
54 1.168134964584935 0.001161243066462
55 1.168133799019867 0.001124213184948
56 1.168132707087238 0.001088959524479
57 1.168131682999537 0.001055370121581
58 1.168130721517149 0.001023341703819
59 1.168129817871843 0.000992778900610
60 1.168128967729723 0.000963593523417
61 1.168128167140937 0.000935703932711
62 1.168127412503368 0.000909034447647
63 1.168126700528648 0.000883514838382
64 1.168126028201947 0.000859079876949
65 1.168125392765621 0.000835668893477
66 1.168124791690464 0.000813225397752
67 1.168124222651023 0.000791696758966
68 1.168123683513639 0.000771033879348
69 1.168123172307055 0.000751190913197
70 1.168122687221210 0.000732125010611
71 1.168122226580784 0.000713796095517
72 1.168121788839787 0.000696166635759
73 1.168121372574317 0.000679201473080
74 1.168120976455207 0.000662867624831
75 1.168120599263358 0.000647134128248
76 1.168120239854335 0.000631971917791
77 1.168119897179526 0.000617353646892
78 1.168119570256386 0.000603253593887
79 1.168119258172923 0.000589647550836
80 1.168118960078542 0.000576512697268
81 1.168118675185003 0.000563827520704
82 1.168118402752664 0.000551571725009
83 1.168118142094958 0.000539726149554
84 1.168117892568187 0.000528272684246
85 1.168117653568584 0.000517194218687
86 1.168117424538824 0.000506474565126
87 1.168117204949475 0.000496098390567
88 1.168116994309390 0.000486051185973
89 1.168116792157126 0.000476319190709
90 1.168116598055803 0.000466889370256
91 1.168116411600540 0.000457749343394
92 1.168116232408393 0.000448887369534
93 1.168116060119119 0.000440292288524
94 1.168115894395657 0.000431953502942
95 1.168115734917850 0.000423860928352
96 1.168115581387668 0.000416004978237
97 1.168115433523434 0.000408376525879
98 1.168115291056073 0.000400966885700
99 1.168115153733549 0.000393767775056
100 1.168115021323454 0.000386771309334
101 1.168114893594134 0.000379969963308
102 1.168114770340795 0.000373356560235
103 1.168114651358546 0.000366924252780
104 1.168114536458286 0.000360666498526
105 1.168114425462428 0.000354577056012
106 1.168114318196424 0.000348649953449
107 1.168114214504636 0.000342879482016
108 1.168114114232566 0.000337260189476
109 1.168114017234620 0.000331786848014
110 1.168113923370470 0.000326454469928
111 1.168113832514992 0.000321258255227
112 1.168113744541072 0.000316193638107
113 1.168113659328809 0.000311256214883
114 1.168113576770016 0.000306441777485
115 1.168113496755717 0.000301746292398
116 1.168113419186119 0.000297165883024
117 1.168113343961907 0.000292696839132
118 1.168113270996110 0.000288335587423
119 1.168113200194697 0.000284078709623
120 1.168113131476588 0.000279922913997
121 1.168113064764761 0.000275865039645
122 1.168112999982124 0.000271902047057
123 1.168112937053558 0.000268031020475
124 1.168112875912312 0.000264249145362
125 1.168112816491950 0.000260553721383
126 1.168112758728044 0.000256942150898
127 1.168112702561379 0.000253411927767
128 1.168112647934550 0.000249960642600
129 1.168112594791476 0.000246585975695
130 1.168112543079235 0.000243285688975
131 1.168112492747508 0.000240057629329
132 1.168112443747786 0.000236899716201
133 1.168112396035619 0.000233809946673
134 1.168112349564745 0.000230786390682
135 1.168112304292669 0.000227827184309
136 1.168112260177926 0.000224930530289
137 1.168112217182590 0.000222094689878
138 1.168112175271390 0.000219317988068
139 1.168112134403200 0.000216598807053
140 1.168112094548151 0.000213935582755
141 1.168112055671764 0.000211326808098
142 1.168112017740111 0.000208771019521
143 1.168111980723979 0.000206266808946
144 1.168111944593810 0.000203812813276
145 1.168111909324600 0.000201407706568
146 1.168111874882795 0.000199050227826
147 1.168111841247347 0.000196739125423
148 1.168111808393052 0.000194473216074
149 1.168111776292710 0.000192251339680
150 1.168111744927287 0.000190072378826
151 1.168111714267369 0.000187935248272
152 1.168111684298846 0.000185838901972
153 1.168111654997705 0.000183782316843
154 1.168111626344302 0.000181764516584
155 1.168111598317948 0.000179784538415
156 1.168111570903482 0.000177841459986
157 1.168111544078837 0.000175934387969
158 1.168111517831123 0.000174062451335
159 1.168111492140279 0.000172224800992
160 1.168111466989620 0.000170420626169
161 1.168111442365502 0.000168649133855
162 1.168111418254547 0.000166909543398
163 1.168111394640191 0.000165201113139
164 1.168111371508515 0.000163523126320
165 1.168111348847929 0.000161874861982
166 1.168111326641423 0.000160255648864
167 1.168111304879298 0.000158664818138
168 1.168111283549292 0.000157101722100
169 1.168111262639027 0.000155565740758
170 1.168111242136550 0.000154056259229
171 1.168111222035153 0.000152572681054
172 1.168111202318025 0.000151114444062
173 1.168111182976328 0.000149680978287
174 1.168111164003464 0.000148271744016
175 1.168111145389503 0.000146886207848
176 1.168111127120878 0.000145523856429
177 1.168111109190671 0.000144184199869
178 1.168111091589163 0.000142866734157
179 1.168111074312634 0.000141570999518
180 1.168111057346576 0.000140296528046
181 1.168111040688490 0.000139042868165
182 1.168111024326705 0.000137809591725
183 1.168111008255754 0.000136596264646
184 1.168110992467228 0.000135402481407
185 1.168110976954372 0.000134227830509
186 1.168110961711546 0.000133071924000
187 1.168110946731107 0.000131934373746
188 1.168110932005690 0.000130814815209
189 1.168110917531949 0.000129712877792
190 1.168110903301145 0.000128628210186
191 1.168110889307800 0.000127560468554
192 1.168110875548849 0.000126509314313
193 1.168110862013799 0.000125474422376
194 1.168110848701840 0.000124455469543
195 1.168110835607410 0.000123452141538
196 1.168110822723213 0.000122464139048
197 1.168110810044297 0.000121491167153
198 1.168110797567694 0.000120532930997
199 1.168110785289725 0.000119589152252
200 1.168110773200731 0.000118659554571
201 1.168110761302779 0.000117743865881
202 1.168110749587694 0.000116841826494
203 1.168110738052523 0.000115953179252
204 1.168110726691955 0.000115077677152
205 1.168110715503460 0.000114215072374
206 1.168110704482789 0.000113365129402
207 1.168110693627810 0.000112527612673
208 1.168110682930600 0.000111702298380
209 1.168110672393695 0.000110888959443
210 1.168110662007409 0.000110087383750
211 1.168110651773959 0.000109297356711
212 1.168110641684809 0.000108518673866
213 1.168110631742337 0.000107751129856
214 1.168110621939260 0.000106994527963
215 1.168110612274133 0.000106248678240
216 1.168110602743480 0.000105513388428
217 1.168110593345666 0.000104788471508
218 1.168110584076023 0.000104073755523
219 1.168110574933249 0.000103369056122
220 1.168110565916362 0.000102674203424
221 1.168110557019881 0.000101989025499
222 1.168110548243184 0.000101313362203
223 1.168110539581041 0.000100647051285
224 1.168110531034188 0.000099989933575
225 1.168110522597482 0.000099341858970
226 1.168110514272231 0.000098702668353
227 1.168110506053024 0.000098072217232
228 1.168110497939581 0.000097450366058
229 1.168110489931030 0.000096836961812
230 1.168110482020633 0.000096231881018
231 1.168110474211554 0.000095634971937
232 1.168110466497406 0.000095046117110
233 1.168110458879936 0.000094465177775
234 1.168110451355936 0.000093892023818
235 1.168110443921556 0.000093326542702
236 1.168110436578444 0.000092768602123
237 1.168110429322784 0.000092218084616
238 1.168110422152212 0.000091674878098
239 1.168110415069409 0.000091138858644
240 1.168110408068434 0.000090609917983
241 1.168110401148500 0.000090087952689
242 1.168110394306661 0.000089572848093
243 1.168110387547009 0.000089064501413
244 1.168110380861634 0.000088562807419
245 1.168110374253028 0.000088067666075
246 1.168110367718624 0.000087578978910
247 1.168110361254450 0.000087096646682
248 1.168110354863175 0.000086620575548
249 1.168110348543595 0.000086150673285
250 1.168110342288969 0.000085686846462
251 1.168110336105586 0.000085229003814
252 1.168110329985836 0.000084777059137
253 1.168110323935047 0.000084330928111
254 1.168110317944257 0.000083890522512
255 1.168110312018361 0.000083455758496
256 1.168110306152543 0.000083026561333
257 1.168110300347022 0.000082602845797
258 1.168110294601976 0.000082184535700
259 1.168110288915925 0.000081771551871
260 1.168110283287549 0.000081363821063
261 1.168110277714822 0.000080961266435
262 1.168110272196090 0.000080563824433
263 1.168110266730757 0.000080171416074
264 1.168110261321951 0.000079783973286
265 1.168110255962961 0.000079401428440
266 1.168110250658150 0.000079023709497
267 1.168110245401886 0.000078650758671
268 1.168110240196484 0.000078282509761
269 1.168110235039555 0.000077918892827
270 1.168110229931457 0.000077559852754
271 1.168110224869770 0.000077205327014
272 1.168110219856182 0.000076855251869
273 1.168110214884463 0.000076509574845
274 1.168110209960641 0.000076168233375
275 1.168110205080249 0.000075831171024
276 1.168110200243292 0.000075498334884
277 1.168110195450384 0.000075169665933
278 1.168110190694426 0.000074845120798
279 1.168110185984001 0.000074524633591
280 1.168110181316019 0.000074208153920
281 1.168110176683145 0.000073895646075
282 1.168110172091562 0.000073587043866
283 1.168110167538907 0.000073282303616
284 1.168110163022168 0.000072981380874
285 1.168110158544452 0.000072684224729
286 1.168110154104536 0.000072390787204
287 1.168110149697594 0.000072101028816
288 1.168110145326141 0.000071814900213
289 1.168110140991747 0.000071532359414
290 1.168110136690873 0.000071253360786
291 1.168110132423322 0.000070977862187
292 1.168110128190861 0.000070705821854
293 1.168110123987751 0.000070437212476
294 1.168110119817341 0.000070171974403
295 1.168110115680179 0.000069910074886
296 1.168110111573224 0.000069651476873
297 1.168110107497329 0.000069396142797
298 1.168110103450412 0.000069144034892
299 1.168110099433273 0.000068895114195
300 1.168110095445102 0.000068649345476
301 1.168110091487668 0.000068406694306
302 1.168110087557015 0.000068167124354
303 1.168110083652773 0.000067930606390
304 1.168110079777445 0.000067697100251
305 1.168110075926919 0.000067466576417
306 1.168110072104477 0.000067238999400
307 1.168110068307195 0.000067014340986
308 1.168110064535240 0.000066792568064
309 1.168110060787881 0.000066573653867
310 1.168110057066456 0.000066357559158
311 1.168110053368938 0.000066144263130
312 1.168110049695541 0.000065933731410
313 1.168110046046246 0.000065725933864
314 1.168110042418578 0.000065520848505
315 1.168110038814282 0.000065318447347
316 1.168110035230716 0.000065118696365
317 1.168110031672866 0.000064921570304
318 1.168110028135217 0.000064727047169
319 1.168110024617691 0.000064535097876
320 1.168110021122654 0.000064345700043
321 1.168110017647015 0.000064158825304
322 1.168110014191999 0.000063974451839
323 1.168110010757454 0.000063792553326
324 1.168110007342316 0.000063613108174
325 1.168110003945938 0.000063436091596
326 1.168110000568889 0.000063261481060
327 1.168109997211627 0.000063089254223
328 1.168109993871220 0.000062919389049
329 1.168109990549608 0.000062751864157
330 1.168109987245835 0.000062586655805
331 1.168109983959815 0.000062423746950
332 1.168109980690655 0.000062263115485
333 1.168109977438171 0.000062104739951
334 1.168109974202450 0.000061948601217
335 1.168109970982570 0.000061794681553
336 1.168109967780409 0.000061642959172
337 1.168109964593655 0.000061493414334
338 1.168109961421385 0.000061346036889
339 1.168109958264583 0.000061200796315
340 1.168109955124189 0.000061057683513
341 1.168109951997291 0.000060916675594
342 1.168109948885895 0.000060777762751
343 1.168109945787513 0.000060640920360
344 1.168109942703908 0.000060506137477
345 1.168109939635390 0.000060373390171
346 1.168109936577517 0.000060242673301
347 1.168109933535022 0.000060113959835
348 1.168109930505882 0.000059987243858
349 1.168109927488092 0.000059862509878
350 1.168109924485730 0.000059739733489
351 1.168109921493709 0.000059618906745
352 1.168109918513593 0.000059500017246
353 1.168109915547795 0.000059383047773
354 1.168109912589406 0.000059267987020
355 1.168109909646307 0.000059154819814
356 1.168109906713204 0.000059043530856
357 1.168109903790544 0.000058934111645
358 1.168109900879951 0.000058826545413
359 1.168109897981232 0.000058720821783
360 1.168109895090236 0.000058616929216
361 1.168109892209849 0.000058514854423
362 1.168109889341018 0.000058414587273
363 1.168109886481777 0.000058316112725
364 1.168109883633024 0.000058219421847
365 1.168109880792536 0.000058124505352
366 1.168109877960784 0.000058031348992
367 1.168109875140498 0.000057939944492
368 1.168109872328403 0.000057850282572
369 1.168109869526308 0.000057762348272
370 1.168109866728920 0.000057676137552
371 1.168109863942440 0.000057591637507
372 1.168109861162654 0.000057508837363
373 1.168109858394071 0.000057427729961
374 1.168109855629889 0.000057348307366
375 1.168109852877212 0.000057270555317
376 1.168109850129025 0.000057194475033
377 1.168109847389386 0.000057120045720
378 1.168109844656410 0.000057047271812
379 1.168109841931037 0.000056976133565
380 1.168109839212027 0.000056906629744
381 1.168109836502087 0.000056838751189
382 1.168109833796114 0.000056772490702
383 1.168109831094653 0.000056707844205
384 1.168109828404109 0.000056644796611
385 1.168109825717971 0.000056583345084
386 1.168109823035472 0.000056523489051
387 1.168109820361937 0.000056465211458
388 1.168109817690770 0.000056408512813
389 1.168109815026179 0.000056353383724
390 1.168109812367620 0.000056299820520
391 1.168109809714767 0.000056247813239
392 1.168109807065963 0.000056197364704
393 1.168109804421960 0.000056148459880
394 1.168109801781045 0.000056101101250
395 1.168109799147309 0.000056055275612
396 1.168109796516792 0.000056010984316
397 1.168109793890089 0.000055968221929
398 1.168109791269219 0.000055926980754
399 1.168109788651277 0.000055887259660
400 1.168109786036988 0.000055849049939
401 1.168109783427084 0.000055812353769
402 1.168109780818253 0.000055777165374
403 1.168109778215538 0.000055743472229
404 1.168109775614610 0.000055711283280
405 1.168109773017169 0.000055680589645
406 1.168109770422346 0.000055651385417
407 1.168109767830915 0.000055623672491
408 1.168109765241916 0.000055597443404
409 1.168109762656015 0.000055572699766
410 1.168109760070341 0.000055549440325
411 1.168109757488294 0.000055527653741
412 1.168109754907915 0.000055507342394
413 1.168109752331258 0.000055488507597
414 1.168109749755275 0.000055471139377
415 1.168109747180216 0.000055455247782
416 1.168109744607950 0.000055440818323
417 1.168109742036806 0.000055427858564
418 1.168109739464051 0.000055416366696
419 1.168109736897457 0.000055406330914
420 1.168109734328558 0.000055397762388
421 1.168109731760539 0.000055390657540
422 1.168109729193750 0.000055385007272
423 1.168109726626696 0.000055380821537
424 1.168109724062106 0.000055378095988
425 1.168109721496968 0.000055376831298
426 1.168109718932667 0.000055377023811
427 1.168109716368088 0.000055378670958
428 1.168109713800387 0.000055381789018
429 1.168109711235195 0.000055386360279
430 1.168109708670082 0.000055392388911
431 1.168109706104629 0.000055399881516
432 1.168109703537768 0.000055408833887
433 1.168109700969688 0.000055419252708
434 1.168109698399127 0.000055431137382
435 1.168109695830606 0.000055444480585
436 1.168109693260496 0.000055459291840
437 1.168109690687496 0.000055475574351
438 1.168109688114812 0.000055493320110
439 1.168109685540304 0.000055512539609
440 1.168109682961601 0.000055533235264
441 1.168109680382889 0.000055555404725
442 1.168109677801495 0.000055579053373
443 1.168109675219926 0.000055604178043
444 1.168109672633217 0.000055630789939
445 1.168109670046297 0.000055658886386
446 1.168109667456716 0.000055688471164
447 1.168109664863468 0.000055719548946
448 1.168109662266042 0.000055752121548
449 1.168109659667871 0.000055786189145
450 1.168109657066105 0.000055821760860
451 1.168109654459342 0.000055858841903
452 1.168109651850631 0.000055897430013
453 1.168109649239926 0.000055937530927
454 1.168109646622529 0.000055979149464
455 1.168109644002949 0.000056022294618
456 1.168109641379306 0.000056066963891
457 1.168109638752954 0.000056113164837
458 1.168109636118907 0.000056160904843
459 1.168109633482723 0.000056210184635
460 1.168109630843094 0.000056261011713
461 1.168109628194824 0.000056313392716
462 1.168109625545307 0.000056367331688
463 1.168109622889687 0.000056422834736
464 1.168109620227697 0.000056479908899
465 1.168109617559441 0.000056538559460
466 1.168109614889237 0.000056598792596
467 1.168109612210723 0.000056660613737
468 1.168109609527350 0.000056724029285
469 1.168109606836749 0.000056789050809
470 1.168109604143101 0.000056855678170
471 1.168109601439336 0.000056923928211
472 1.168109598732505 0.000056993796964
473 1.168109596016500 0.000057065302876
474 1.168109593295161 0.000057138446057
475 1.168109590567915 0.000057213236780
476 1.168109587831000 0.000057289683310
477 1.168109585087802 0.000057367797615
478 1.168109582335626 0.000057447585458
479 1.168109579578981 0.000057529049971
480 1.168109576813439 0.000057612208877
481 1.168109574039404 0.000057697066311
482 1.168109571257430 0.000057783637917
483 1.168109568465672 0.000057871926686
484 1.168109565668152 0.000057961944992
485 1.168109562858843 0.000058053703660
486 1.168109560043310 0.000058147212687
487 1.168109557218004 0.000058242477742
488 1.168109554383261 0.000058339519763
489 1.168109551538882 0.000058438341847
490 1.168109548685967 0.000058538957352
491 1.168109545821991 0.000058641375028
492 1.168109542948007 0.000058745610714
493 1.168109540064387 0.000058851677159
494 1.168109537170459 0.000058959582130
495 1.168109534265191 0.000059069341668
496 1.168109531349928 0.000059180967110
497 1.168109528422759 0.000059294467480
498 1.168109525486108 0.000059409862387
499 1.168109522535504 0.000059527164082
500 1.168109519575009 0.000059646381484
501 1.168109516601884 0.000059767534532
502 1.168109513617468 0.000059890630077
503 1.168109510618858 0.000060015694233
504 1.168109507610330 0.000060142727783
505 1.168109504589310 0.000060271754170
506 1.168109501552179 0.000060402789649
507 1.168109498505123 0.000060535845261
508 1.168109495443509 0.000060670941384
509 1.168109492368805 0.000060808089290
510 1.168109489278357 0.000060947309917
511 1.168109486174732 0.000061088615681
512 1.168109483056814 0.000061232031199
513 1.168109479923970 0.000061377565274
514 1.168109476776525 0.000061525240754
515 1.168109473613777 0.000061675071576
516 1.168109470435420 0.000061827080871
517 1.168109467242091 0.000061981284894
518 1.168109464032213 0.000062137702816
519 1.168109460806006 0.000062296353548
520 1.168109457563361 0.000062457259730
521 1.168109454304563 0.000062620438820
522 1.168109451028641 0.000062785908734
523 1.168109447734198 0.000062953697215
524 1.168109444423471 0.000063123821393
525 1.168109441094063 0.000063296299683
526 1.168109437748889 0.000063471160535
527 1.168109434382296 0.000063648420877
528 1.168109430997950 0.000063828107189
529 1.168109427595522 0.000064010238809
530 1.168109424172553 0.000064194842709
531 1.168109420728549 0.000064381945043
532 1.168109417266475 0.000064571564517
533 1.168109413784622 0.000064763726026
534 1.168109410281026 0.000064958458851
535 1.168109406754054 0.000065155789410
536 1.168109403207865 0.000065355740113
537 1.168109399639669 0.000065558339234
538 1.168109396047992 0.000065763613621
539 1.168109392436674 0.000065971587517
540 1.168109388800175 0.000066182296145
541 1.168109385141304 0.000066395762609
542 1.168109381457377 0.000066612017925
543 1.168109377750940 0.000066831090048
544 1.168109374020734 0.000067053011283
545 1.168109370263241 0.000067277809720
546 1.168109366483380 0.000067505519215
547 1.168109362676115 0.000067736170258
548 1.168109358844048 0.000067969795023
549 1.168109354985323 0.000068206423544
550 1.168109351098001 0.000068446095685
551 1.168109347184396 0.000068688839469
552 1.168109343243527 0.000068934692560
553 1.168109339274017 0.000069183689190
554 1.168109335276001 0.000069435866539
555 1.168109331248735 0.000069691257508
556 1.168109327191121 0.000069949904326
557 1.168109323104394 0.000070211841555
558 1.168109318986570 0.000070477105505
559 1.168109314836953 0.000070745742015
560 1.168109310656867 0.000071017783495
561 1.168109306442946 0.000071293276344
562 1.168109302197272 0.000071572256491
563 1.168109297919037 0.000071854770539
564 1.168109293605901 0.000072140859052
565 1.168109289261022 0.000072430565437
566 1.168109284875918 0.000072723937504
567 1.168109280457646 0.000073021013748
568 1.168109276005564 0.000073321848997
569 1.168109271516061 0.000073626481495
570 1.168109266987229 0.000073934962603
571 1.168109262420094 0.000074247342268
572 1.168109257816450 0.000074563668466
573 1.168109253173734 0.000074883986480
574 1.168109248489270 0.000075208357226
575 1.168109243763889 0.000075536828871
576 1.168109238999446 0.000075869451584
577 1.168109234190004 0.000076206282769
578 1.168109229339594 0.000076547373424
579 1.168109224445570 0.000076892787654
580 1.168109219506057 0.000077242576636
581 1.168109214522826 0.000077596798894
582 1.168109209493900 0.000077955511924
583 1.168109204416516 0.000078318782692
584 1.168109199294536 0.000078686668923
585 1.168109194122634 0.000079059231054
586 1.168109188902946 0.000079436540390
587 1.168109183630913 0.000079818654913
588 1.168109178311119 0.000080205642551
589 1.168109172938132 0.000080597574315
590 1.168109167511729 0.000080994512027
591 1.168109162032859 0.000081396536205
592 1.168109156499718 0.000081803710091
593 1.168109150910482 0.000082216111312
594 1.168109145265205 0.000082633813798
595 1.168109139561214 0.000083056892086
596 1.168109133800126 0.000083485421228
597 1.168109127979482 0.000083919484775
598 1.168109122097202 0.000084359165136
599 1.168109116153379 0.000084804536357
600 1.168109110147570 0.000085255689123
601 1.168109104077192 0.000085712706211
602 1.168109097941242 0.000086175673309
603 1.168109091738646 0.000086644679224
604 1.168109085468995 0.000087119819124
605 1.168109079130408 0.000087601179775
606 1.168109072719804 0.000088088860622
607 1.168109066240832 0.000088582952027
608 1.168109059688303 0.000089083556697
609 1.168109053059427 0.000089590771563
610 1.168109046355256 0.000090104701056
611 1.168109039574554 0.000090625449773
612 1.168109032716710 0.000091153119316
613 1.168109025776678 0.000091687827815
614 1.168109018757213 0.000092229673177
615 1.168109011653528 0.000092778779092
616 1.168109004465309 0.000093335257118
617 1.168108997190099 0.000093899224574
618 1.168108989827445 0.000094470804195
619 1.168108982374631 0.000095050117339
620 1.168108974830416 0.000095637290593
621 1.168108967190383 0.000096232451718
622 1.168108959459250 0.000096835729105
623 1.168108951627286 0.000097447262764
624 1.168108943697743 0.000098067182126
625 1.168108935666865 0.000098695629452
626 1.168108927533248 0.000099332750789
627 1.168108919294491 0.000099978688393
628 1.168108910947714 0.000100633590125
629 1.168108902491393 0.000101297610999
630 1.168108893922471 0.000101970905318
631 1.168108885240181 0.000102653634354
632 1.168108876439236 0.000103345957331
633 1.168108867522931 0.000104048039160
634 1.168108858484073 0.000104760055495
635 1.168108849318943 0.000105482178720
636 1.168108840031020 0.000106214580950
637 1.168108830610917 0.000106957450560
638 1.168108821060398 0.000107710967584
639 1.168108811372937 0.000108475330392
640 1.168108801548987 0.000109250720425
641 1.168108791583429 0.000110037349823
642 1.168108781474208 0.000110835417613
643 1.168108771216893 0.000111645131549
644 1.168108760811813 0.000112466700139
645 1.168108750251705 0.000113300350201
646 1.168108739534380 0.000114146300100
647 1.168108728656034 0.000115004782534
648 1.168108717614300 0.000115876028120
649 1.168108706404884 0.000116760274261
650 1.168108695024026 0.000117657769190
651 1.168108683468772 0.000118568768235
652 1.168108671733865 0.000119493523183
653 1.168108659814327 0.000120432303594
654 1.168108647706543 0.000121385376888
655 1.168108635406484 0.000122353017209
656 1.168108622911164 0.000123335510376
657 1.168108610212650 0.000124333153406
658 1.168108597309357 0.000125346234565
659 1.168108584196645 0.000126375065511
660 1.168108570866272 0.000127419958493
661 1.168108557314963 0.000128481238654
662 1.168108543537190 0.000129559227565
663 1.168108529526799 0.000130654270683
664 1.168108515279843 0.000131766711526
665 1.168108500790056 0.000132896906530
666 1.168108486051769 0.000134045220795
667 1.168108471056068 0.000135212025094
668 1.168108455798165 0.000136397711306
669 1.168108440273047 0.000137602668183
670 1.168108424474012 0.000138827301275
671 1.168108408389776 0.000140072032925
672 1.168108392018224 0.000141337280558
673 1.168108375350182 0.000142623489905
674 1.168108358376235 0.000143931109031
675 1.168108341091901 0.000145260598546
676 1.168108323485552 0.000146612436976
677 1.168108305552269 0.000147987113005
678 1.168108287279412 0.000149385125077
679 1.168108268661949 0.000150806990212
680 1.168108249688906 0.000152253244144
681 1.168108230349508 0.000153724424548
682 1.168108210636103 0.000155221101647
683 1.168108190537852 0.000156743844950
684 1.168108170042446 0.000158293253054
685 1.168108149142274 0.000159869929821
686 1.168108127823011 0.000161474509562
687 1.168108106074204 0.000163107636481
688 1.168108083885913 0.000164769975230
689 1.168108061242655 0.000166462215764
690 1.168108038132482 0.000168185056752
691 1.168108014542478 0.000169939229458
692 1.168107990458673 0.000171725481947
693 1.168107965867964 0.000173544581630
694 1.168107940752064 0.000175397329986
695 1.168107915099460 0.000177284542346
696 1.168107888893555 0.000179207056004
697 1.168107862115426 0.000181165750742
698 1.168107834750542 0.000183161521823
699 1.168107806781655 0.000185195288047
700 1.168107778189510 0.000187268009359
701 1.168107748953154 0.000189380672514
702 1.168107719055541 0.000191534285060
703 1.168107688475873 0.000193729902834
704 1.168107657192488 0.000195968607950
705 1.168107625184011 0.000198251516473
706 1.168107592424927 0.000200579783377
707 1.168107558894858 0.000202954601105
708 1.168107524567570 0.000205377203498
709 1.168107489418398 0.000207848861095
710 1.168107453420155 0.000210370889258
711 1.168107416542942 0.000212944654403
712 1.168107378761684 0.000215571556207
713 1.168107340044638 0.000218253054777
714 1.168107300357794 0.000220990656448
715 1.168107259675237 0.000223785913407
716 1.168107217956200 0.000226640445653
717 1.168107175170767 0.000229555917164
718 1.168107131280780 0.000232534057449
719 1.168107086245715 0.000235576659175
720 1.168107040026165 0.000238685574911
721 1.168106992583378 0.000241862731895
722 1.168106943874067 0.000245110115476
723 1.168106893847510 0.000248429799188
724 1.168106842463898 0.000251823917734
725 1.168106789666745 0.000255294702942
726 1.168106735409722 0.000258844456616
727 1.168106679636875 0.000262475570434
728 1.168106622292872 0.000266190536841
729 1.168106563318556 0.000269991928156
730 1.168106502652393 0.000273882435319
731 1.168106440230535 0.000277864836749
732 1.168106375982906 0.000281942034738
733 1.168106309844021 0.000286117034245
734 1.168106241737430 0.000290392976088
735 1.168106171582781 0.000294773112295
736 1.168106099304898 0.000299260835765
737 1.168106024816832 0.000303859672367
738 1.168105948025519 0.000308573307015
739 1.168105868843484 0.000313405559886
740 1.168105787166936 0.000318360429810
741 1.168105702896233 0.000323442075807
742 1.168105615922329 0.000328654832299
743 1.168105526131789 0.000334003223884
744 1.168105433404075 0.000339491972593
745 1.168105337614779 0.000345126014573
746 1.168105238627374 0.000350910491699
747 1.168105136308609 0.000356850781553
748 1.168105030505280 0.000362952502727
749 1.168104921065840 0.000369221541462
750 1.168104807824948 0.000375664033556
751 1.168104690610627 0.000382286412268
752 1.168104569243859 0.000389095407801
753 1.168104443530538 0.000396098072577
754 1.168104313268692 0.000403301787022
755 1.168104178239884 0.000410714293934
756 1.168104038220133 0.000418343709628
757 1.168103892972383 0.000426198543286
758 1.168103742237459 0.000434287734744
759 1.168103585747953 0.000442620667702
760 1.168103423220386 0.000451207199618
761 1.168103254348863 0.000460057682909
762 1.168103078812926 0.000469183018804
763 1.168102896274336 0.000478594665230
764 1.168102706365780 0.000488304688320
765 1.168102508707135 0.000498325796467
766 1.168102302883819 0.000508671375970
767 1.168102088462067 0.000519355544540
768 1.168101864976686 0.000530393193100
769 1.168101631933049 0.000541800044926
770 1.168101388799219 0.000553592705401
771 1.168101135013163 0.000565788715263
772 1.168100869971205 0.000578406630829
773 1.168100593029731 0.000591466087764
774 1.168100303497851 0.000604987867766
775 1.168100000639725 0.000618993992879
776 1.168099683659434 0.000633507815661
777 1.168099351712756 0.000648554105919
778 1.168099003883898 0.000664159164971
779 1.168098639199333 0.000680350927100
780 1.168098256604858 0.000697159108240
781 1.168097854967062 0.000714615311705
782 1.168097433066242 0.000732753202242
783 1.168096989585311 0.000751608648359
784 1.168096523107523 0.000771219908186
785 1.168096032099393 0.000791627819724
786 1.168095514900186 0.000812876020022
787 1.168094969714888 0.000835011163942
788 1.168094394599773 0.000858083180978
789 1.168093787440223 0.000882145574719
790 1.168093145948447 0.000907255695511
791 1.168092467628056 0.000933475123549
792 1.168091749764886 0.000960870004972
793 1.168090989399799 0.000989511492384
794 1.168090183305583 0.001019476191553
795 1.168089327952448 0.001050846680850
796 1.168088419479213 0.001083712058326
797 1.168087453652595 0.001118168595103
798 1.168086425832265 0.001154320420549
799 1.168085330913160 0.001192280306035
