0 1.257987969985596 0.164579583322893
1 1.245760369271933 0.080436982347906
2 1.241394798747521 0.045408673733575
3 1.239658504956835 0.027975315989352
4 1.238925724948207 0.018053074816329
5 1.238605343829658 0.011935093077794
6 1.238462125437417 0.007994388783232
7 1.238397173922262 0.005395024723392
8 1.238367435031796 0.003657226936321
9 1.238353731339786 0.002486146032158
10 1.238347389375414 0.001693093002068
11 1.238344445780251 0.001154367489805
12 1.238343076820647 0.000787669932837
13 1.238342439315671 0.000537736435898
14 1.238342142175017 0.000367236566565
15 1.238342003596935 0.000250856016631
16 1.238341938944378 0.000171384814081
17 1.238341908775215 0.000117102768782
18 1.238341894697026 0.000080019156587
19 1.238341888127416 0.000054681771099
20 1.238341885063172 0.000037368530606
21 1.238341883634467 0.000025537572565
22 1.238341882967781 0.000017452600568
23 1.238341882658249 0.000011927389545
24 1.238341882514516 0.000008151431488
25 1.238341882447862 0.000005570890193
26 1.238341882416335 0.000003807298774
27 1.238341882402654 0.000002602017788
28 1.238341882395597 0.000001778297557
29 1.238341882392580 0.000001215344769
30 1.238341882392121 0.000000830604380
31 1.238341882390834 0.000000567663194
32 1.238341882390862 0.000000387959767
33 1.238341882391604 0.000000265145073
34 1.238341882390950 0.000000181209581
35 1.238341882390552 0.000000123846200
36 1.238341882391072 0.000000084640731
37 1.238341882390616 0.000000057847631
38 1.238341882390453 0.000000039536895
39 1.238341882390682 0.000000027021766
40 1.238341882390647 0.000000018469055
41 1.238341882390704 0.000000012622994
42 1.238341882390630 0.000000008628519
43 1.238341882390386 0.000000005898243
44 1.238341882390491 0.000000004032493
45 1.238341882390559 0.000000002757135
46 1.238341882390787 0.000000001885026
47 1.238341882390632 0.000000001290001
48 1.238341882390837 0.000000000882586
49 1.238341882391255 0.000000000604711
50 1.238341882390626 0.000000000414260
51 1.238341882390773 0.000000000284500
52 1.238341882390860 0.000000000195557
53 1.238341882390620 0.000000000134699
54 1.238341882390619 0.000000000093767
55 1.238341882390821 0.000000000065203
56 1.238341882390535 0.000000000045862
57 1.238341882390897 0.000000000032304
58 1.238341882390318 0.000000000023944
59 1.238341882390640 0.000000000017148
60 1.238341882391146 0.000000000012612
61 1.238341882391125 0.000000000009698
62 1.238341882390731 0.000000000008267
63 1.238341882390732 0.000000000006915
64 1.238341882391048 0.000000000005374
65 1.238341882391074 0.000000000004297
66 1.238341882391037 0.000000000004455
67 1.238341882391274 0.000000000003586
68 1.238341882390599 0.000000000004259
69 1.238341882391194 0.000000000003447
70 1.238341882390813 0.000000000003878
71 1.238341882390566 0.000000000004064
72 1.238341882389911 0.000000000004663
73 1.238341882390142 0.000000000004616
74 1.238341882391089 0.000000000003301
75 1.238341882391529 0.000000000003069
76 1.238341882391213 0.000000000003330
77 1.238341882391213 0.000000000003327
78 1.238341882390214 0.000000000004295
79 1.238341882390614 0.000000000003637
80 1.238341882391161 0.000000000003412
81 1.238341882391011 0.000000000003506
82 1.238341882390922 0.000000000003569
83 1.238341882390922 0.000000000003569
84 1.238341882390922 0.000000000003569
85 1.238341882390922 0.000000000003569
86 1.238341882390922 0.000000000003569
87 1.238341882390922 0.000000000003569
88 1.238341882390922 0.000000000003569
89 1.238341882390922 0.000000000003569
90 1.238341882390922 0.000000000003569
91 1.238341882390922 0.000000000003569
92 1.238341882390922 0.000000000003569
93 1.238341882390922 0.000000000003569
94 1.238341882390922 0.000000000003569
95 1.238341882390922 0.000000000003569
96 1.238341882390922 0.000000000003569
97 1.238341882390922 0.000000000003569
98 1.238341882390922 0.000000000003569
99 1.238341882390922 0.000000000003569
