0 1.203305085807148 0.133479060815417
1 1.185173617804582 0.079662075716388
2 1.177799178437600 0.055202269771247
3 1.174175509579948 0.041082888680543
4 1.172173162751396 0.031953667642814
5 1.170971879858436 0.025638023365678
6 1.170205490354421 0.021061999166560
7 1.169692557281231 0.017630117065121
8 1.169335792763229 0.014985519139650
9 1.169079677492997 0.012902020957084
10 1.168890884444441 0.011229962919091
11 1.168748550506777 0.009866841021568
12 1.168639143958654 0.008740410124925
13 1.168553617760808 0.007798500300364
14 1.168485762090738 0.007002641288604
15 1.168431215346410 0.006323941406633
16 1.168386851175923 0.005740349572425
17 1.168350387770080 0.005234792200402
18 1.168320132542032 0.004793878346760
19 1.168294811527511 0.004406982731483
20 1.168273453094734 0.004065585289496
21 1.168255307230840 0.003762788172482
22 1.168239788597465 0.003492957617595
23 1.168226435738604 0.003251455003851
24 1.168214881468467 0.003034432536806
25 1.168204831091533 0.002838676365090
26 1.168196046200576 0.002661484925849
27 1.168188332492194 0.002500573741510
28 1.168181530516410 0.002354000265861
29 1.168175508573376 0.002220104126640
30 1.168170157223374 0.002097459203879
31 1.168165385015797 0.001984834976914
32 1.168161115117054 0.001881165119832
33 1.168157282650314 0.001785521836708
34 1.168153832578441 0.001697094768593
35 1.168150717998430 0.001615173561730
36 1.168147898770162 0.001539133382666
37 1.168145340403608 0.001468422831001
38 1.168143013148198 0.001402553804046
39 1.168140891253350 0.001341092948768
40 1.168138952344833 0.001283654452584
41 1.168137176926763 0.001229893896858
42 1.168135547952817 0.001179503036355
43 1.168134050472747 0.001132205326523
44 1.168132671342525 0.001087752078851
45 1.168131398968381 0.001045919159111
46 1.168130223099471 0.001006504127658
47 1.168129134648838 0.000969323765715
48 1.168128125543952 0.000934211917295
49 1.168127188592750 0.000901017620331
50 1.168126317375305 0.000869603467595
51 1.168125506151330 0.000839844157274
52 1.168124749770366 0.000811625255968
53 1.168124043610043 0.000784842059829
54 1.168123383508005 0.000759398637725
55 1.168122765712849 0.000735206948197
56 1.168122186835543 0.000712186080683
57 1.168121643808902 0.000690261572035
58 1.168121133853453 0.000669364791735
59 1.168120654447106 0.000649432410146
60 1.168120203293662 0.000630405909900
61 1.168119778304654 0.000612231152793
62 1.168119377573427 0.000594857993462
63 1.168118999362665 0.000578239926105
64 1.168118642077882 0.000562333781251
65 1.168118304263033 0.000547099432904
66 1.168117984579394 0.000532499547611
67 1.168117681803281 0.000518499353819
68 1.168117394803607 0.000505066437356
69 1.168117122544031 0.000492170544457
70 1.168116864067447 0.000479783415811
71 1.168116618488891 0.000467878633976
72 1.168116384997723 0.000456431472594
73 1.168116162836403 0.000445418775907
74 1.168115951308041 0.000434818835704
75 1.168115749769143 0.000424611280382
76 1.168115557617802 0.000414776992895
77 1.168115374299608 0.000405297998276
78 1.168115199296458 0.000396157399223
79 1.168115032128750 0.000387339288745
80 1.168114872349145 0.000378828687653
81 1.168114719540033 0.000370611477635
82 1.168114573313581 0.000362674342183
83 1.168114433307677 0.000355004715928
84 1.168114299181973 0.000347590727441
85 1.168114170622423 0.000340421162160
86 1.168114047330775 0.000333485411364
87 1.168113929030615 0.000326773439139
88 1.168113815462722 0.000320275744392
89 1.168113706382736 0.000313983322180
90 1.168113601562961 0.000307887640147
91 1.168113500788571 0.000301980604877
92 1.168113403858380 0.000296254535280
93 1.168113310582520 0.000290702138568
94 1.168113220783459 0.000285316484877
95 1.168113134292280 0.000280090990795
96 1.168113050952474 0.000275019391623
97 1.168112970614622 0.000270095730284
98 1.168112893136911 0.000265314333031
99 1.168112818389405 0.000260669797275
100 1.168112746244504 0.000256156975688
101 1.168112676586507 0.000251770960417
102 1.168112609301132 0.000247507070323
103 1.168112544283597 0.000243360843959
104 1.168112481435050 0.000239328012935
105 1.168112420659058 0.000235404508986
106 1.168112361865686 0.000231586445335
107 1.168112304972708 0.000227870098511
108 1.168112249896989 0.000224251917697
109 1.168112196563239 0.000220728502929
110 1.168112144897654 0.000217296601704
111 1.168112094832578 0.000213953095881
112 1.168112046300252 0.000210695007151
113 1.168111999241666 0.000207519475991
114 1.168111953595243 0.000204423761694
115 1.168111909307555 0.000201405240481
116 1.168111866320388 0.000198461396352
117 1.168111824587557 0.000195589810019
118 1.168111784054847 0.000192788167753
119 1.168111744681660 0.000190054240717
120 1.168111706421268 0.000187385890040
121 1.168111669230367 0.000184781066666
122 1.168111633071695 0.000182237792262
123 1.168111597905062 0.000179754173686
124 1.168111563692928 0.000177328387565
125 1.168111530402130 0.000174958677485
126 1.168111497997748 0.000172643357251
127 1.168111466447872 0.000170380801354
128 1.168111435724049 0.000168169444265
129 1.168111405795181 0.000166007782636
130 1.168111376633790 0.000163894363935
131 1.168111348211865 0.000161827792733
132 1.168111320505962 0.000159806718610
133 1.168111293491333 0.000157829845309
134 1.168111267140847 0.000155895919657
135 1.168111241436499 0.000154003732415
136 1.168111216353431 0.000152152121360
137 1.168111191872997 0.000150339958356
138 1.168111167974893 0.000148566158937
139 1.168111144638641 0.000146829674734
140 1.168111121846404 0.000145129495456
141 1.168111099583194 0.000143464637443
142 1.168111077828217 0.000141834161227
143 1.168111056566494 0.000140237152349
144 1.168111035783529 0.000138672726942
145 1.168111015463209 0.000137140032290
146 1.168110995590709 0.000135638243287
147 1.168110976153868 0.000134166559657
148 1.168110957137430 0.000132724209838
149 1.168110938529036 0.000131310448289
150 1.168110920317236 0.000129924547623
151 1.168110902489542 0.000128565808946
152 1.168110885034526 0.000127233553292
153 1.168110867939866 0.000125927125794
154 1.168110851195856 0.000124645887641
155 1.168110834792046 0.000123389223540
156 1.168110818719589 0.000122156534295
157 1.168110802967967 0.000120947241936
158 1.168110787528515 0.000119760783313
159 1.168110772389822 0.000118596616776
160 1.168110757545495 0.000117454212046
161 1.168110742988172 0.000116333055441
162 1.168110728708279 0.000115232652410
163 1.168110714698114 0.000114152520258
164 1.168110700950217 0.000113092190325
165 1.168110687457815 0.000112051208181
166 1.168110674214546 0.000111029131938
167 1.168110661211389 0.000110025536591
168 1.168110648443784 0.000109040001542
169 1.168110635905686 0.000108072125670
170 1.168110623588114 0.000107121516752
171 1.168110611489541 0.000106187791126
172 1.168110599600912 0.000105270579512
173 1.168110587917741 0.000104369522228
174 1.168110576434503 0.000103484268522
175 1.168110565145543 0.000102614477988
176 1.168110554047022 0.000101759818668
177 1.168110543132455 0.000100919969878
178 1.168110532400048 0.000100094616550
179 1.168110521841780 0.000099283455399
180 1.168110511454524 0.000098486192446
181 1.168110501235374 0.000097702533077
182 1.168110491178038 0.000096932203053
183 1.168110481279529 0.000096174925415
184 1.168110471535730 0.000095430433873
185 1.168110461944020 0.000094698470704
186 1.168110452498862 0.000093978783716
187 1.168110443197012 0.000093271127872
188 1.168110434034971 0.000092575262253
189 1.168110425011017 0.000091890955195
190 1.168110416120521 0.000091217979114
191 1.168110407359026 0.000090556113156
192 1.168110398724903 0.000089905142789
193 1.168110390215329 0.000089264856396
194 1.168110381828231 0.000088635047758
195 1.168110373559666 0.000088015520238
196 1.168110365405881 0.000087406077700
197 1.168110357364196 0.000086806533772
198 1.168110349435341 0.000086216697141
199 1.168110341613336 0.000085636391467
200 1.168110333896527 0.000085065441445
201 1.168110326282274 0.000084503673835
202 1.168110318769654 0.000083950921179
203 1.168110311354243 0.000083407021102
204 1.168110304037858 0.000082871811019
205 1.168110296813680 0.000082345139206
206 1.168110289681520 0.000081826853070
207 1.168110282638841 0.000081316804592
208 1.168110275685794 0.000080814845461
209 1.168110268817309 0.000080320840792
210 1.168110262031752 0.000079834648995
211 1.168110255331162 0.000079356133824
212 1.168110248710681 0.000078885165998
213 1.168110242167868 0.000078421617070
214 1.168110235702279 0.000077965363793
215 1.168110229312878 0.000077516279312
216 1.168110222996011 0.000077074248479
217 1.168110216752532 0.000076639151259
218 1.168110210580038 0.000076210873879
219 1.168110204475329 0.000075789305529
220 1.168110198439345 0.000075374338668
221 1.168110192469062 0.000074965863920
222 1.168110186564102 0.000074563779976
223 1.168110180723697 0.000074167981965
224 1.168110174943273 0.000073778375933
225 1.168110169224585 0.000073394859182
226 1.168110163566787 0.000073017338252
227 1.168110157965121 0.000072645722988
228 1.168110152421810 0.000072279920191
229 1.168110146934339 0.000071919841143
230 1.168110141503029 0.000071565398757
231 1.168110136124332 0.000071216510329
232 1.168110130798322 0.000070873090930
233 1.168110125523577 0.000070535062078
234 1.168110120299263 0.000070202341232
235 1.168110115125417 0.000069874852137
236 1.168110109999078 0.000069552520036
237 1.168110104919846 0.000069235270509
238 1.168110099888201 0.000068923028999
239 1.168110094901104 0.000068615726598
240 1.168110089959084 0.000068313294202
241 1.168110085061580 0.000068015660911
242 1.168110080205349 0.000067722764808
243 1.168110075393744 0.000067434534476
244 1.168110070620219 0.000067150914446
245 1.168110065887385 0.000066871838564
246 1.168110061196150 0.000066597243754
247 1.168110056541940 0.000066327073202
248 1.168110051925823 0.000066061269022
249 1.168110047348182 0.000065799773384
250 1.168110042805111 0.000065542530716
251 1.168110038299163 0.000065289485926
252 1.168110033826871 0.000065040586830
253 1.168110029390319 0.000064795779719
254 1.168110024986870 0.000064555015136
255 1.168110020615674 0.000064318243256
256 1.168110016276230 0.000064085414071
257 1.168110011971178 0.000063856477844
258 1.168110007693548 0.000063631393988
259 1.168110003448109 0.000063410111126
260 1.168109999231705 0.000063192586622
261 1.168109995043574 0.000062978776916
262 1.168109990886165 0.000062768636432
263 1.168109986754189 0.000062562129619
264 1.168109982652486 0.000062359206624
265 1.168109978575582 0.000062159834632
266 1.168109974525412 0.000061963972503
267 1.168109970499445 0.000061771581215
268 1.168109966500872 0.000061582623153
269 1.168109962526005 0.000061397061746
270 1.168109958575106 0.000061214861771
271 1.168109954648587 0.000061035986416
272 1.168109950743038 0.000060860406640
273 1.168109946861922 0.000060688082653
274 1.168109943003083 0.000060518983332
275 1.168109939164276 0.000060353080866
276 1.168109935348353 0.000060190338128
277 1.168109931552256 0.000060030727811
278 1.168109927776224 0.000059874220194
279 1.168109924020788 0.000059720785039
280 1.168109920285327 0.000059570392476
281 1.168109916566512 0.000059423019710
282 1.168109912868599 0.000059278634050
283 1.168109909186447 0.000059137213674
284 1.168109905524205 0.000058998728045
285 1.168109901877825 0.000058863156875
286 1.168109898248970 0.000058730470481
287 1.168109894637049 0.000058600648172
288 1.168109891040475 0.000058473664705
289 1.168109887459704 0.000058349499187
290 1.168109883893565 0.000058228129739
291 1.168109880344489 0.000058109530181
292 1.168109876807719 0.000057993685965
293 1.168109873286092 0.000057880570629
294 1.168109869778279 0.000057770166719
295 1.168109866284902 0.000057662454712
296 1.168109862803138 0.000057557414630
297 1.168109859334420 0.000057455031167
298 1.168109855878936 0.000057355281088
299 1.168109852435359 0.000057258151250
300 1.168109849004356 0.000057163621646
301 1.168109845582832 0.000057071680294
302 1.168109842174021 0.000056982306508
303 1.168109838774977 0.000056895486943
304 1.168109835386491 0.000056811206979
305 1.168109832008454 0.000056729450521
306 1.168109828639958 0.000056650204306
307 1.168109825282611 0.000056573454180
308 1.168109821932473 0.000056499188866
309 1.168109818592062 0.000056427394035
310 1.168109815259368 0.000056358057891
311 1.168109811936454 0.000056291168005
312 1.168109808620166 0.000056226713095
313 1.168109805312071 0.000056164682860
314 1.168109802012266 0.000056105066027
315 1.168109798718759 0.000056047852838
316 1.168109795431333 0.000055993034759
317 1.168109792151534 0.000055940599677
318 1.168109788877393 0.000055890541918
319 1.168109785609549 0.000055842850970
320 1.168109782347951 0.000055797519236
321 1.168109779091037 0.000055754538541
322 1.168109775839127 0.000055713902648
323 1.168109772591564 0.000055675605434
324 1.168109769349417 0.000055639637071
325 1.168109766111729 0.000055605995538
326 1.168109762876449 0.000055574673808
327 1.168109759646782 0.000055545664723
328 1.168109756420061 0.000055518964815
329 1.168109753196529 0.000055494569965
330 1.168109749975442 0.000055472476892
331 1.168109746756792 0.000055452680076
332 1.168109743541533 0.000055435176488
333 1.168109740327947 0.000055419963467
334 1.168109737114720 0.000055407038554
335 1.168109733904983 0.000055396400098
336 1.168109730697246 0.000055388043310
337 1.168109727488869 0.000055381970742
338 1.168109724282064 0.000055378179015
339 1.168109721074434 0.000055376668268
340 1.168109717867771 0.000055377438767
341 1.168109714661218 0.000055380488720
342 1.168109711455107 0.000055385819544
343 1.168109708247857 0.000055393431604
344 1.168109705040048 0.000055403326455
345 1.168109701830462 0.000055415505415
346 1.168109698620119 0.000055429971532
347 1.168109695408417 0.000055446725214
348 1.168109692194440 0.000055465770977
349 1.168109688977091 0.000055487111413
350 1.168109685759833 0.000055510747416
351 1.168109682538272 0.000055536686619
352 1.168109679313631 0.000055564932320
353 1.168109676086894 0.000055595487070
354 1.168109672855673 0.000055628358047
355 1.168109669620647 0.000055663548670
356 1.168109666382548 0.000055701066634
357 1.168109663139046 0.000055740916681
358 1.168109659890803 0.000055783107103
359 1.168109656639313 0.000055827640970
360 1.168109653382224 0.000055874529374
361 1.168109650118754 0.000055923779951
362 1.168109646850247 0.000055975398090
363 1.168109643575460 0.000056029395009
364 1.168109640293771 0.000056085780387
365 1.168109637006548 0.000056144558618
366 1.168109633712770 0.000056205744259
367 1.168109630411693 0.000056269346155
368 1.168109627100648 0.000056335376622
369 1.168109623784633 0.000056403841769
370 1.168109620461176 0.000056474756426
371 1.168109617127103 0.000056548134592
372 1.168109613785679 0.000056623984239
373 1.168109610434964 0.000056702320835
374 1.168109607076212 0.000056783155323
375 1.168109603705984 0.000056866506526
376 1.168109600327210 0.000056952383219
377 1.168109596938125 0.000057040802528
378 1.168109593538132 0.000057131778493
379 1.168109590127494 0.000057225326943
380 1.168109586704688 0.000057321464751
381 1.168109583272468 0.000057420207365
382 1.168109579827022 0.000057521572306
383 1.168109576370071 0.000057625578389
384 1.168109572900376 0.000057732241366
385 1.168109569417051 0.000057841581328
386 1.168109565921541 0.000057953616009
387 1.168109562413055 0.000058068366096
388 1.168109558889004 0.000058185851383
389 1.168109555352499 0.000058306092827
390 1.168109551799695 0.000058429111598
391 1.168109548233641 0.000058554927898
392 1.168109544650090 0.000058683567022
393 1.168109541053503 0.000058815048051
394 1.168109537438679 0.000058949399300
395 1.168109533806453 0.000059086642097
396 1.168109530160648 0.000059226798664
397 1.168109526495631 0.000059369899430
398 1.168109522812820 0.000059515966781
399 1.168109519112696 0.000059665027547
400 1.168109515393903 0.000059817110177
401 1.168109511656326 0.000059972241696
402 1.168109507897378 0.000060130452649
403 1.168109504120252 0.000060291768826
404 1.168109500322335 0.000060456221787
405 1.168109496503959 0.000060623842816
406 1.168109492665311 0.000060794661481
407 1.168109488803499 0.000060968711357
408 1.168109484920066 0.000061146025650
409 1.168109481013839 0.000061326635929
410 1.168109477084690 0.000061510577081
411 1.168109473132943 0.000061697883972
412 1.168109469155763 0.000061888593524
413 1.168109465154686 0.000062082741872
414 1.168109461127992 0.000062280367125
415 1.168109457075685 0.000062481506520
416 1.168109452997566 0.000062686198964
417 1.168109448892428 0.000062894486221
418 1.168109444759683 0.000063106408065
419 1.168109440599413 0.000063322006277
420 1.168109436410649 0.000063541324252
421 1.168109432192565 0.000063764405299
422 1.168109427945136 0.000063991294840
423 1.168109423667500 0.000064222036630
424 1.168109419359270 0.000064456678953
425 1.168109415018354 0.000064695271642
426 1.168109410645856 0.000064937858541
427 1.168109406241104 0.000065184493769
428 1.168109401802822 0.000065435225902
429 1.168109397329227 0.000065690108599
430 1.168109392821399 0.000065949194237
431 1.168109388278057 0.000066212538019
432 1.168109383698493 0.000066480194271
433 1.168109379081351 0.000066752220601
434 1.168109374427178 0.000067028675155
435 1.168109369732866 0.000067309618173
436 1.168109365000611 0.000067595108651
437 1.168109360226937 0.000067885208748
438 1.168109355413239 0.000068179984217
439 1.168109350557332 0.000068479498447
440 1.168109345657132 0.000068783816704
441 1.168109340715189 0.000069093006990
442 1.168109335728212 0.000069407139252
443 1.168109330695838 0.000069726283119
444 1.168109325617135 0.000070050513553
445 1.168109320491564 0.000070379901053
446 1.168109315317377 0.000070714522462
447 1.168109310092722 0.000071054457119
448 1.168109304818475 0.000071399782346
449 1.168109299492224 0.000071750578972
450 1.168109294115443 0.000072106927486
451 1.168109288683895 0.000072468916953
452 1.168109283196232 0.000072836630986
453 1.168109277654584 0.000073210157726
454 1.168109272055461 0.000073589589007
455 1.168109266398127 0.000073975014806
456 1.168109260682090 0.000074366531521
457 1.168109254904259 0.000074764236440
458 1.168109249064696 0.000075168227733
459 1.168109243161262 0.000075578605370
460 1.168109237194005 0.000075995474871
461 1.168109231160906 0.000076418940891
462 1.168109225060895 0.000076849110009
463 1.168109218891097 0.000077286098367
464 1.168109212651286 0.000077730015342
465 1.168109206338433 0.000078180977902
466 1.168109199953907 0.000078639104656
467 1.168109193492725 0.000079104518961
468 1.168109186956482 0.000079577342510
469 1.168109180340289 0.000080057707000
470 1.168109173646137 0.000080545738598
471 1.168109166867470 0.000081041575165
472 1.168109160006480 0.000081545349644
473 1.168109153058993 0.000082057207057
474 1.168109146025657 0.000082577285335
475 1.168109138902491 0.000083105735527
476 1.168109131686337 0.000083642708406
477 1.168109124377628 0.000084188356057
478 1.168109116973420 0.000084742838838
479 1.168109109470765 0.000085306318170
480 1.168109101868587 0.000085878959537
481 1.168109094164240 0.000086460932752
482 1.168109086353915 0.000087052415622
483 1.168109078437746 0.000087653582637
484 1.168109070411294 0.000088264620107
485 1.168109062272159 0.000088885715602
486 1.168109054019085 0.000089517061850
487 1.168109045647230 0.000090158855595
488 1.168109037155466 0.000090811301865
489 1.168109028540774 0.000091474607009
490 1.168109019798891 0.000092148984956
491 1.168109010927944 0.000092834654799
492 1.168109001924473 0.000093531840067
493 1.168108992785230 0.000094240774015
494 1.168108983508694 0.000094961689441
495 1.168108974087976 0.000095694832790
496 1.168108964520569 0.000096440455524
497 1.168108954804695 0.000097198807196
498 1.168108944935115 0.000097970154348
499 1.168108934907951 0.000098754768936
500 1.168108924719756 0.000099552925731
501 1.168108914366595 0.000100364910331
502 1.168108903843907 0.000101191015398
503 1.168108893147386 0.000102031542193
504 1.168108882272765 0.000102886800013
505 1.168108871214411 0.000103757107313
506 1.168108859968026 0.000104642789913
507 1.168108848530178 0.000105544183845
508 1.168108836893014 0.000106461634360
509 1.168108825053370 0.000107395497748
510 1.168108813004781 0.000108346138090
511 1.168108800743577 0.000109313931032
512 1.168108788260774 0.000110299266264
513 1.168108775552633 0.000111302539754
514 1.168108762610933 0.000112324161597
515 1.168108749432650 0.000113364551396
516 1.168108736008881 0.000114424146676
517 1.168108722332569 0.000115503392187
518 1.168108708399495 0.000116602747944
519 1.168108694196311 0.000117722692705
520 1.168108679720274 0.000118863709882
521 1.168108664963781 0.000120026305233
522 1.168108649916892 0.000121210997308
523 1.168108634570040 0.000122418321917
524 1.168108618919550 0.000123648827418
525 1.168108602950869 0.000124903087121
526 1.168108586656007 0.000126181684569
527 1.168108570027330 0.000127485224622
528 1.168108553053553 0.000128814331984
529 1.168108535723609 0.000130169651428
530 1.168108518027590 0.000131551847205
531 1.168108499955058 0.000132961603234
532 1.168108481491887 0.000134399632528
533 1.168108462627635 0.000135866663997
534 1.168108443351023 0.000137363453292
535 1.168108423646336 0.000138890782942
536 1.168108403500768 0.000140449459610
537 1.168108382902617 0.000142040316234
538 1.168108361834951 0.000143664215843
539 1.168108340284755 0.000145322047983
540 1.168108318232236 0.000147014740821
541 1.168108295664978 0.000148743242368
542 1.168108272564644 0.000150508543068
543 1.168108248912537 0.000152311664354
544 1.168108224691540 0.000154153663565
545 1.168108199881017 0.000156035634898
546 1.168108174462468 0.000157958714595
547 1.168108148413155 0.000159924077319
548 1.168108121713201 0.000161932942905
549 1.168108094339489 0.000163986569718
550 1.168108066267258 0.000166086268646
551 1.168108037473131 0.000168233395618
552 1.168108007929968 0.000170429360996
553 1.168107977611247 0.000172675623702
554 1.168107946488800 0.000174973700857
555 1.168107914534684 0.000177325164599
556 1.168107881716806 0.000179731648102
557 1.168107848003157 0.000182194855300
558 1.168107813359918 0.000184716543306
559 1.168107777752944 0.000187298549496
560 1.168107741144523 0.000189942777572
561 1.168107703497720 0.000192651209492
562 1.168107664770913 0.000195425909573
563 1.168107624922698 0.000198269021088
564 1.168107583906346 0.000201182779546
565 1.168107541678585 0.000204169510360
566 1.168107498189696 0.000207231634237
567 1.168107453390019 0.000210371675844
568 1.168107407222959 0.000213592267283
569 1.168107359635618 0.000216896149285
570 1.168107310566234 0.000220286185709
571 1.168107259953981 0.000223765360301
572 1.168107207733007 0.000227336789544
573 1.168107153836194 0.000231003725058
574 1.168107098188183 0.000234769568519
575 1.168107040714411 0.000238637869034
576 1.168106981334980 0.000242612339704
577 1.168106919964754 0.000246696862010
578 1.168106856515886 0.000250895497142
579 1.168106790892659 0.000255212496348
580 1.168106722996419 0.000259652308984
581 1.168106652722105 0.000264219599616
582 1.168106579958389 0.000268919251759
583 1.168106504590297 0.000273756387537
584 1.168106426492126 0.000278736378083
585 1.168106345531806 0.000283864863563
586 1.168106261571863 0.000289147761054
587 1.168106174465607 0.000294591285803
588 1.168106084055877 0.000300201970132
589 1.168105990177742 0.000305986682435
590 1.168105892655523 0.000311952646863
591 1.168105791302715 0.000318107464452
592 1.168105685920920 0.000324459143789
593 1.168105576299071 0.000331016116993
594 1.168105462214233 0.000337787274519
595 1.168105343425195 0.000344781995529
596 1.168105219678758 0.000352010174021
597 1.168105090703653 0.000359482260918
598 1.168104956209418 0.000367209294590
599 1.168104815887796 0.000375202948599
600 1.168104669406456 0.000383475568154
601 1.168104516413935 0.000392040223697
602 1.168104356530631 0.000400910756786
603 1.168104189351296 0.000410101841906
604 1.168104014442278 0.000419629040569
605 1.168103831335280 0.000429508870576
606 1.168103639532613 0.000439758875633
607 1.168103438494457 0.000450397702342
608 1.168103227642866 0.000461445185462
609 1.168103006352788 0.000472922443758
610 1.168102773954717 0.000484851969398
611 1.168102529723570 0.000497257745718
612 1.168102272876382 0.000510165368478
613 1.168102002568131 0.000523602170825
614 1.168101717882900 0.000537597371087
615 1.168101417830159 0.000552182229379
616 1.168101101334489 0.000567390221832
617 1.168100767229545 0.000583257227603
618 1.168100414246770 0.000599821747117
619 1.168100041006398 0.000617125124554
620 1.168099646004352 0.000635211811973
621 1.168099227600464 0.000654129645390
622 1.168098784006261 0.000673930166565
623 1.168098313256722 0.000694668968659
624 1.168097813210965 0.000716406078141
625 1.168097281511794 0.000739206398768
626 1.168096715576219 0.000763140177003
627 1.168096112563376 0.000788283548711
628 1.168095469334739 0.000814719145155
629 1.168094782438240 0.000842536750787
630 1.168094048051970 0.000871834078368
631 1.168093261945093 0.000902717604024
632 1.168092419426829 0.000935303540697
633 1.168091515283496 0.000969718914820
634 1.168090543711995 0.001006102798464
635 1.168089498238863 0.001044607699548
636 1.168088371629001 0.001085401154591
637 1.168087155778014 0.001128667526391
638 1.168085841590327 0.001174610077294
639 1.168084418831809 0.001223453335853
640 1.168082875961143 0.001275445814390
641 1.168081199935839 0.001330863141505
642 1.168079375966236 0.001390011695206
643 1.168077387252660 0.001453232779612
644 1.168075214651362 0.001520907521106
645 1.168072836280570 0.001593462554477
646 1.168070227062387 0.001671376684635
647 1.168067358159584 0.001755188710478
648 1.168064196298810 0.001845506647933
649 1.168060702964145 0.001943018659513
650 1.168056833400626 0.002048506013770
651 1.168052535412936 0.002162858587646
652 1.168047747873194 0.002287093437932
653 1.168042398899647 0.002422377168175
654 1.168036403581179 0.002570053025127
655 1.168029661144239 0.002731673871927
656 1.168022051400380 0.002909042537651
657 1.168013430242276 0.003104261523337
658 1.168003623916991 0.003319794560578
659 1.167992421685778 0.003558543408404
660 1.167979566337836 0.003823944290746
661 1.167964741808431 0.004120089971734
662 1.167947556921441 0.004451885476088
663 1.167927523794184 0.004825248460851
664 1.167904028866109 0.005247369432963
665 1.167876293624479 0.005727053051294
666 1.167843320723619 0.006275170540505
667 1.167803819083084 0.006905266417995
668 1.167756098386440 0.007634382309067
669 1.167697918175333 0.008484190887826
670 1.167626268476151 0.009482580009362
671 1.167537045157415 0.010665901956171
672 1.167424559962146 0.012082224713959
673 1.167280784874363 0.013796125415478
674 1.167094158448861 0.015895914169788
675 1.166847649073101 0.018504790661364
676 1.166515516884741 0.021798555511604
677 1.166057713468512 0.026034616928605
678 1.165409815850148 0.031601212347222
679 1.164464117334048 0.039104409325152
680 3.250229818989828 0.365429385383611
681 1.222457718950708 0.321316457816422
682 1.183921831335278 0.103217852043906
683 1.176890784490256 0.056492094591933
684 1.173673509723457 0.039746593997082
685 1.171878301477909 0.030635757300298
686 1.170787314239085 0.024615084662732
687 1.170083882925864 0.020286786543297
688 1.169609060217878 0.017034748972748
689 1.169276495955849 0.014519325299819
690 1.169036366540878 0.012530162626371
691 1.168858488157867 0.010928471524262
692 1.168723818841188 0.009618905237365
693 1.168619926433621 0.008533973843351
694 1.168538451664828 0.007624734414705
695 1.168473628279276 0.006854956955160
696 1.168421388508379 0.006197338496130
697 1.168378805317529 0.005630976499678
698 1.168343734969549 0.005139642147392
699 1.168314582345046 0.004710575541364
700 1.168290143461640 0.004333629425673
701 1.168269497715457 0.004000650455775
702 1.168251932826321 0.003705025389064
703 1.168236891712071 0.003441343679968
704 1.168223934332699 0.003205143487627
705 1.168212709905037 0.002992718273491
706 1.168202936426793 0.002800967998830
707 1.168194385402320 0.002627283506963
708 1.168186870340013 0.002469455877153
709 1.168180237986135 0.002325604772594
710 1.168174361601579 0.002194121339555
711 1.168169135745089 0.002073622394561
712 1.168164472206195 0.001962913375879
713 1.168160296796186 0.001860958248411
714 1.168156546811540 0.001766854843327
715 1.168153169006445 0.001679814590020
716 1.168150117963176 0.001599145737796
717 1.168147354782819 0.001524239403003
718 1.168144846014823 0.001454557910963
719 1.168142562782026 0.001389625016919
720 1.168140480070861 0.001329017652365
721 1.168138576136436 0.001272358942009
722 1.168136832014353 0.001219312278761
723 1.168135231115499 0.001169576245316
724 1.168133758883093 0.001122880292433
725 1.168132402506146 0.001078981014926
726 1.168131150683883 0.001037658941012
727 1.168129993416678 0.000998715753791
728 1.168128921837881 0.000961971891786
729 1.168127928064616 0.000927264457146
730 1.168127005069625 0.000894445389292
731 1.168126146583492 0.000863379866600
732 1.168125346987107 0.000833944917467
733 1.168124601249191 0.000806028177169
734 1.168123904843059 0.000779526820040
735 1.168123253695696 0.000754346594324
736 1.168122644132402 0.000730400980361
737 1.168122072835673 0.000707610438560
738 1.168121536797593 0.000685901746937
739 1.168121033293493 0.000665207404910
740 1.168120559850042 0.000645465104698
741 1.168120114218046 0.000626617256923
742 1.168119694345147 0.000608610573393
743 1.168119298360738 0.000591395680274
744 1.168118924558198 0.000574926781157
745 1.168118571375302 0.000559161346721
746 1.168118237377289 0.000544059848365
747 1.168117921253036 0.000529585490640
748 1.168117621794458 0.000515704005413
749 1.168117337894885 0.000502383429608
750 1.168117068532863 0.000489593936545
751 1.168116812766347 0.000477307655507
752 1.168116569727540 0.000465498523486
753 1.168116338613941 0.000454142150177
754 1.168116118685372 0.000443215679053
755 1.168115909253343 0.000432697689942
756 1.168115709683686 0.000422568074174
757 1.168115519384590 0.000412807954690
758 1.168115337810173 0.000403399582570
759 1.168115164449268 0.000394326271880
760 1.168114998829457 0.000385572309309
761 1.168114840508732 0.000377122899005
762 1.168114689078313 0.000368964089420
763 1.168114544154126 0.000361082722831
764 1.168114405379787 0.000353466376608
765 1.168114272418673 0.000346103323358
766 1.168114144960180 0.000338982471964
767 1.168114022712459 0.000332093336858
768 1.168113905402078 0.000325425991696
769 1.168113792772165 0.000318971039639
770 1.168113684581754 0.000312719578266
771 1.168113580607812 0.000306663164023
772 1.168113480635810 0.000300793791581
773 1.168113384470171 0.000295103858441
774 1.168113291920243 0.000289586151540
775 1.168113202811804 0.000284233813827
776 1.168113116978941 0.000279040327009
777 1.168113034264569 0.000273999492294
778 1.168112954523411 0.000269105410617
779 1.168112877616381 0.000264352463146
780 1.168112803411070 0.000259735305853
781 1.168112731784667 0.000255248836932
782 1.168112662621106 0.000250888200150
783 1.168112595808541 0.000246648757386
784 1.168112531242973 0.000242526086447
785 1.168112468826470 0.000238515964117
786 1.168112408463724 0.000234614358499
787 1.168112350066750 0.000230817415300
788 1.168112293551041 0.000227121452363
789 1.168112238837584 0.000223522946379
790 1.168112185851051 0.000220018527354
791 1.168112134518373 0.000216604972651
792 1.168112084772033 0.000213279194557
793 1.168112036548593 0.000210038234651
794 1.168111989783563 0.000206879263349
795 1.168111944420930 0.000203799562357
796 1.168111900401093 0.000200796535241
797 1.168111857676029 0.000197867677421
798 1.168111816191581 0.000195010596963
799 1.168111775902198 0.000192222995608
800 1.168111736759335 0.000189502664628
801 1.168111698721683 0.000186847485123
802 1.168111661745689 0.000184255421301
803 1.168111625791489 0.000181724514047
804 1.168111590822498 0.000179252882472
805 1.168111556802852 0.000176838717090
806 1.168111523696421 0.000174480276598
807 1.168111491468874 0.000172175890043
808 1.168111460092126 0.000169923939990
809 1.168111429531990 0.000167722879402
810 1.168111399762173 0.000165571212354
811 1.168111370755107 0.000163467496472
812 1.168111342482644 0.000161410347274
813 1.168111314919715 0.000159398426483
814 1.168111288042474 0.000157430446609
815 1.168111261826363 0.000155505163484
816 1.168111236250793 0.000153621377680
817 1.168111211293054 0.000151777933246
818 1.168111186933506 0.000149973711006
819 1.168111163151602 0.000148207636075
820 1.168111139927260 0.000146478666926
821 1.168111117247006 0.000144785795239
822 1.168111095088279 0.000143128053642
823 1.168111073435519 0.000141504502999
824 1.168111052272255 0.000139914235999
825 1.168111031585480 0.000138356375572
826 1.168111011358627 0.000136830074165
827 1.168110991575877 0.000135334513561
828 1.168110972226523 0.000133868896903
829 1.168110953294474 0.000132432460736
830 1.168110934769538 0.000131024459086
831 1.168110916636191 0.000129644177309
832 1.168110898886071 0.000128290914968
833 1.168110881504863 0.000126964000529
834 1.168110864483579 0.000125662780406
835 1.168110847810488 0.000124386623631
836 1.168110831475034 0.000123134916381
837 1.168110815469161 0.000121907063838
838 1.168110799781492 0.000120702491924
839 1.168110784403705 0.000119520641157
840 1.168110769327142 0.000118360971577
841 1.168110754543297 0.000117222957746
842 1.168110740042670 0.000116106090354
843 1.168110725817776 0.000115009876934
844 1.168110711862132 0.000113933836905
845 1.168110698166854 0.000112877504123
846 1.168110684726417 0.000111840428774
847 1.168110671532298 0.000110822171056
848 1.168110658578320 0.000109822305827
849 1.168110645857863 0.000108840419945
850 1.168110633365256 0.000107876110100
851 1.168110621095594 0.000106928986277
852 1.168110609037481 0.000105998674535
853 1.168110597191962 0.000105084798654
854 1.168110585550521 0.000104187005342
855 1.168110574107510 0.000103304943768
856 1.168110562857719 0.000102438277932
857 1.168110551798383 0.000101586675829
858 1.168110540921877 0.000100749820354
859 1.168110530223101 0.000099927399205
860 1.168110519701515 0.000099119106290
861 1.168110509349774 0.000098324650477
862 1.168110499162677 0.000097543745090
863 1.168110489139176 0.000096776106296
864 1.168110479272485 0.000096021469002
865 1.168110469560387 0.000095279563863
866 1.168110459998425 0.000094550133763
867 1.168110450583631 0.000093832929642
868 1.168110441309595 0.000093127707280
869 1.168110432176320 0.000092434228487
870 1.168110423179066 0.000091752259064
871 1.168110414315742 0.000091081575053
872 1.168110405580983 0.000090421957185
873 1.168110396973944 0.000089773189283
874 1.168110388489822 0.000089135064226
875 1.168110380125711 0.000088507378524
876 1.168110371880160 0.000087889931746
877 1.168110363750283 0.000087282531587
878 1.168110355732435 0.000086684987975
879 1.168110347825204 0.000086097117814
880 1.168110340024175 0.000085518742608
881 1.168110332329348 0.000084949685259
882 1.168110324736263 0.000084389777692
883 1.168110317243861 0.000083838849644
884 1.168110309848357 0.000083296742287
885 1.168110302551180 0.000082763292805
886 1.168110295345315 0.000082238351549
887 1.168110288232766 0.000081721762553
888 1.168110281207705 0.000081213381939
889 1.168110274271408 0.000080713064971
890 1.168110267421085 0.000080220668153
891 1.168110260653693 0.000079736058904
892 1.168110253969421 0.000079259100344
893 1.168110247364705 0.000078789661615
894 1.168110240838696 0.000078327616679
895 1.168110234388292 0.000077872840845
896 1.168110228012955 0.000077425210816
897 1.168110221712007 0.000076984607450
898 1.168110215482542 0.000076550916633
899 1.168110209324630 0.000076124021244
900 1.168110203234531 0.000075703813077
901 1.168110197211015 0.000075290185147
902 1.168110191255378 0.000074883026319
903 1.168110185363717 0.000074482236575
904 1.168110179534795 0.000074087716161
905 1.168110173767747 0.000073699363124
906 1.168110168060172 0.000073317083209
907 1.168110162414966 0.000072940778384
908 1.168110156825670 0.000072570360326
909 1.168110151294190 0.000072205736054
910 1.168110145818031 0.000071846817474
911 1.168110140397014 0.000071493520728
912 1.168110135029289 0.000071145758118
913 1.168110129713498 0.000070803449409
914 1.168110124449761 0.000070466512769
915 1.168110119236110 0.000070134869233
916 1.168110114071109 0.000069808443308
917 1.168110108954908 0.000069487157220
918 1.168110103885906 0.000069170938087
919 1.168110098863770 0.000068859713793
920 1.168110093885227 0.000068553414207
921 1.168110088953309 0.000068251968582
922 1.168110084064084 0.000067955311317
923 1.168110079217069 0.000067663375054
924 1.168110074412469 0.000067376095443
925 1.168110069648860 0.000067093408914
926 1.168110064923549 0.000066815256195
927 1.168110060240252 0.000066541571640
928 1.168110055594125 0.000066272300622
929 1.168110050986405 0.000066007382888
930 1.168110046415019 0.000065746762461
931 1.168110041880510 0.000065490383139
932 1.168110037380657 0.000065238190963
933 1.168110032915472 0.000064990135939
934 1.168110028485887 0.000064746160019
935 1.168110024089319 0.000064506216242
936 1.168110019724962 0.000064270254973
937 1.168110015393240 0.000064038226170
938 1.168110011091820 0.000063810084998
939 1.168110006821777 0.000063585781062
940 1.168110002583088 0.000063365271247
941 1.168109998373039 0.000063148509951
942 1.168109994191736 0.000062935454628
943 1.168109990038284 0.000062726063613
944 1.168109985912662 0.000062520292862
945 1.168109981815708 0.000062318100548
946 1.168109977743381 0.000062119451529
947 1.168109973699102 0.000061924301894
948 1.168109969679781 0.000061732616039
949 1.168109965685201 0.000061544356786
950 1.168109961715322 0.000061359486439
951 1.168109957768622 0.000061177970941
952 1.168109953845491 0.000060999774571
953 1.168109949947439 0.000060824861325
954 1.168109946071201 0.000060653199548
955 1.168109942214938 0.000060484759432
956 1.168109938382108 0.000060319504793
957 1.168109934569065 0.000060157406172
958 1.168109930777827 0.000059998433805
959 1.168109927006037 0.000059842556727
960 1.168109923254206 0.000059689747345
961 1.168109919522297 0.000059539976317
962 1.168109915807579 0.000059393216303
963 1.168109912112695 0.000059249441288
964 1.168109908435540 0.000059108621919
965 1.168109904776706 0.000058970734922
966 1.168109901133186 0.000058835756056
967 1.168109897508085 0.000058703659076
968 1.168109893899639 0.000058574419048
969 1.168109890305730 0.000058448015901
970 1.168109886728585 0.000058324423656
971 1.168109883166022 0.000058203623490
972 1.168109879619265 0.000058085589285
973 1.168109876086180 0.000057970304219
974 1.168109872566604 0.000057857747341
975 1.168109869062939 0.000057747893903
976 1.168109865570339 0.000057640733334
977 1.168109862091854 0.000057536237975
978 1.168109858626169 0.000057434394349
979 1.168109855173529 0.000057335182412
980 1.168109851731871 0.000057238586659
981 1.168109848302685 0.000057144588030
982 1.168109844884258 0.000057053173828
983 1.168109841476292 0.000056964324380
984 1.168109838080896 0.000056878024948
985 1.168109834694360 0.000056794262788
986 1.168109831318024 0.000056713022920
987 1.168109827951874 0.000056634288822
988 1.168109824594616 0.000056558048502
989 1.168109821248306 0.000056484289241
990 1.168109817909186 0.000056412998486
991 1.168109814579091 0.000056344163053
992 1.168109811257102 0.000056277773454
993 1.168109807942163 0.000056213816816
994 1.168109804637169 0.000056152280126
995 1.168109801337123 0.000056093157305
996 1.168109798045158 0.000056036435782
997 1.168109794760910 0.000055982103890
998 1.168109791481438 0.000055930158070
999 1.168109788207889 0.000055880586098
1000 1.168109784941613 0.000055833378129
1001 1.168109781680457 0.000055788527779
1002 1.168109778425134 0.000055746028200
1003 1.168109775173797 0.000055705871953
1004 1.168109771928649 0.000055668051244
1005 1.168109768685921 0.000055632561371
1006 1.168109765448398 0.000055599394416
1007 1.168109762215373 0.000055568546421
1008 1.168109758985052 0.000055540010823
1009 1.168109755759738 0.000055513783874
1010 1.168109752535845 0.000055489861226
1011 1.168109749316688 0.000055468235845
1012 1.168109746099190 0.000055448909174
1013 1.168109742883150 0.000055431875521
1014 1.168109739670153 0.000055417130926
1015 1.168109736458406 0.000055404673902
1016 1.168109733248129 0.000055394502751
1017 1.168109730038912 0.000055386615468
1018 1.168109726831863 0.000055381009225
1019 1.168109723624923 0.000055377684562
1020 1.168109720418607 0.000055376640157
1021 1.168109717212184 0.000055377876447
1022 1.168109714005754 0.000055381393570
1023 1.168109710798452 0.000055387191660
1024 1.168109707591475 0.000055395270727
1025 1.168109704382870 0.000055405633444
1026 1.168109701173380 0.000055418281737
1027 1.168109697962330 0.000055433215255
1028 1.168109694750696 0.000055450437424
1029 1.168109691535132 0.000055469953728
1030 1.168109688319634 0.000055491762976
1031 1.168109685100594 0.000055515870949
1032 1.168109681878785 0.000055542281259
1033 1.168109678653520 0.000055570999376
1034 1.168109675425817 0.000055602027916
1035 1.168109672192891 0.000055635374238
1036 1.168109668958784 0.000055671039714
1037 1.168109665718518 0.000055709034982
1038 1.168109662474682 0.000055749363170
1039 1.168109659226785 0.000055792031830
1040 1.168109655972756 0.000055837048800
1041 1.168109652713687 0.000055884421374
1042 1.168109649449935 0.000055934155270
1043 1.168109646180832 0.000055986259322
1044 1.168109642904418 0.000056040744128
1045 1.168109639621044 0.000056097618844
1046 1.168109636332697 0.000056156890098
1047 1.168109633037584 0.000056218569037
1048 1.168109629733974 0.000056282667193
1049 1.168109626423806 0.000056349193784
1050 1.168109623104932 0.000056418160606
1051 1.168109619779574 0.000056489578602
1052 1.168109616444903 0.000056563459605
1053 1.168109613100123 0.000056639819994
1054 1.168109609747655 0.000056718667847
1055 1.168109606386281 0.000056800016547
1056 1.168109603014935 0.000056883882020
1057 1.168109599634070 0.000056970277911
1058 1.168109596241971 0.000057059219736
1059 1.168109592840741 0.000057150720642
1060 1.168109589427223 0.000057244799264
1061 1.168109586002847 0.000057341469076
1062 1.168109582567779 0.000057440746517
1063 1.168109579119761 0.000057542651053
1064 1.168109575661056 0.000057647198748
1065 1.168109572187856 0.000057754407994
1066 1.168109568703169 0.000057864298309
1067 1.168109565204351 0.000057976888025
1068 1.168109561691913 0.000058092196873
1069 1.168109558165967 0.000058210244852
1070 1.168109554625548 0.000058331052557
1071 1.168109551070482 0.000058454641881
1072 1.168109547501019 0.000058581034796
1073 1.168109543916275 0.000058710252857
1074 1.168109540313940 0.000058842320951
1075 1.168109536696794 0.000058977261183
1076 1.168109533062897 0.000059115097938
1077 1.168109529412007 0.000059255855920
1078 1.168109525743874 0.000059399560161
1079 1.168109522056860 0.000059546240218
1080 1.168109518352041 0.000059695917274
1081 1.168109514629358 0.000059848622306
1082 1.168109510886570 0.000060004383372
1083 1.168109507125694 0.000060163225466
1084 1.168109503344207 0.000060325181584
1085 1.168109499541909 0.000060490281872
1086 1.168109495719851 0.000060658554150
1087 1.168109491876430 0.000060830031543
1088 1.168109488009609 0.000061004746942
1089 1.168109484122636 0.000061182732489
1090 1.168109480211504 0.000061364021760
1091 1.168109476277464 0.000061548650066
1092 1.168109472319726 0.000061736651447
1093 1.168109468338303 0.000061928061571
1094 1.168109464331790 0.000062122919670
1095 1.168109460299842 0.000062321260604
1096 1.168109456242739 0.000062523124256
1097 1.168109452159360 0.000062728548266
1098 1.168109448048314 0.000062937577099
1099 1.168109443909558 0.000063150248192
1100 1.168109439743765 0.000063366604791
1101 1.168109435548521 0.000063586689724
1102 1.168109431325898 0.000063810544939
1103 1.168109427072680 0.000064038219002
1104 1.168109422787766 0.000064269757354
1105 1.168109418473238 0.000064505204073
1106 1.168109414126019 0.000064744610401
1107 1.168109409746959 0.000064988022629
1108 1.168109405334923 0.000065235492215
1109 1.168109400888779 0.000065487070359
1110 1.168109396409448 0.000065742808544
1111 1.168109391894937 0.000066002761175
1112 1.168109387343574 0.000066266982664
1113 1.168109382755913 0.000066535529779
1114 1.168109378131588 0.000066808458729
1115 1.168109373468200 0.000067085827462
1116 1.168109368767398 0.000067367696427
1117 1.168109364025880 0.000067654125209
1118 1.168109359244780 0.000067945177883
1119 1.168109354422190 0.000068240917541
1120 1.168109349557136 0.000068541409108
1121 1.168109344649630 0.000068846719607
1122 1.168109339698931 0.000069156914956
1123 1.168109334701495 0.000069472068745
1124 1.168109329659507 0.000069792249036
1125 1.168109324571437 0.000070117527568
1126 1.168109319434646 0.000070447982433
1127 1.168109314250908 0.000070783684967
1128 1.168109309016366 0.000071124717341
1129 1.168109303731967 0.000071471154957
1130 1.168109298395991 0.000071823081087
1131 1.168109293006852 0.000072180578622
1132 1.168109287564473 0.000072543732715
1133 1.168109282066706 0.000072912629154
1134 1.168109276512317 0.000073287356742
1135 1.168109270901723 0.000073668007613
1136 1.168109265232264 0.000074054673315
1137 1.168109259503868 0.000074447448520
1138 1.168109253713589 0.000074846432538
1139 1.168109247860820 0.000075251723348
1140 1.168109241945489 0.000075663421643
1141 1.168109235965101 0.000076081631282
1142 1.168109229918285 0.000076506461139
1143 1.168109223802558 0.000076938019332
1144 1.168109217619151 0.000077376415505
1145 1.168109211364477 0.000077821765246
1146 1.168109205037315 0.000078274185076
1147 1.168109198637416 0.000078733793971
1148 1.168109192161090 0.000079200715014
1149 1.168109185608893 0.000079675072054
1150 1.168109178976898 0.000080156995505
1151 1.168109172264381 0.000080646614689
1152 1.168109165469788 0.000081144063847
1153 1.168109158591458 0.000081649482926
1154 1.168109151626965 0.000082163010224
1155 1.168109144573677 0.000082684792499
1156 1.168109137431588 0.000083214975264
1157 1.168109130197010 0.000083753710520
1158 1.168109122870005 0.000084301153779
1159 1.168109115445448 0.000084857464368
1160 1.168109107922670 0.000085422806201
1161 1.168109100300319 0.000085997343303
1162 1.168109092573426 0.000086581251537
1163 1.168109084742505 0.000087174700203
1164 1.168109076802623 0.000087777874804
1165 1.168109068753644 0.000088390955679
1166 1.168109060591583 0.000089014133822
1167 1.168109052314817 0.000089647602334
1168 1.168109043919290 0.000090291560134
1169 1.168109035401124 0.000090946213082
1170 1.168109026760848 0.000091611767331
1171 1.168109017993490 0.000092288437896
1172 1.168109009094929 0.000092976448093
1173 1.168109000064748 0.000093676020182
1174 1.168108990897294 0.000094387387288
1175 1.168108981590707 0.000095110786633
1176 1.168108972140179 0.000095846465533
1177 1.168108962542937 0.000096594670921
1178 1.168108952796284 0.000097355662221
1179 1.168108942895133 0.000098129704132
1180 1.168108932835504 0.000098917067977
1181 1.168108922613729 0.000099718032582
1182 1.168108912226248 0.000100532883113
1183 1.168108901668244 0.000101361917076
1184 1.168108890935271 0.000102205433633
1185 1.168108880022698 0.000103063746995
1186 1.168108868927467 0.000103937174676
1187 1.168108857641918 0.000104826046818
1188 1.168108846163597 0.000105730699044
1189 1.168108834486009 0.000106651480943
1190 1.168108822604332 0.000107588748366
1191 1.168108810512045 0.000108542870455
1192 1.168108798205312 0.000109514223159
1193 1.168108785677600 0.000110503198551
1194 1.168108772921732 0.000111510194514
1195 1.168108759933529 0.000112535622673
1196 1.168108746704388 0.000113579910488
1197 1.168108733228925 0.000114643491174
1198 1.168108719501643 0.000115726815764
1199 1.168108705511281 0.000116830350089
1200 1.168108691255525 0.000117954565953
1201 1.168108676722463 0.000119099961017
1202 1.168108661906781 0.000120267036087
1203 1.168108646798994 0.000121456319296
1204 1.168108631392538 0.000122668342908
1205 1.168108615675331 0.000123903666438
1206 1.168108599641078 0.000125162859978
1207 1.168108583279095 0.000126446513830
1208 1.168108566579496 0.000127755238544
1209 1.168108549534828 0.000129089658345
1210 1.168108532131248 0.000130450424730
1211 1.168108514358359 0.000131838206118
1212 1.168108496206755 0.000133253694167
1213 1.168108477662634 0.000134697599057
1214 1.168108458714926 0.000136170661855
1215 1.168108439351130 0.000137673639438
1216 1.168108419558402 0.000139207319286
1217 1.168108399322277 0.000140772514520
1218 1.168108378628548 0.000142370065310
1219 1.168108357463207 0.000144000839374
1220 1.168108335811002 0.000145665733123
1221 1.168108313655278 0.000147365677307
1222 1.168108290979422 0.000149101633245
1223 1.168108267766867 0.000150874592646
1224 1.168108244000533 0.000152685586141
1225 1.168108219660281 0.000154535676829
1226 1.168108194727505 0.000156425972620
1227 1.168108169180971 0.000158357612313
1228 1.168108143000472 0.000160331781667
1229 1.168108116165780 0.000162349704038
1230 1.168108088649674 0.000164412655930
1231 1.168108060431706 0.000166521953954
1232 1.168108031486351 0.000168678963022
1233 1.168108001786440 0.000170885106694
1234 1.168107971305682 0.000173141852064
1235 1.168107940015521 0.000175450728592
1236 1.168107907887042 0.000177813322576
1237 1.168107874888075 0.000180231279349
1238 1.168107840987381 0.000182706312414
1239 1.168107806149917 0.000185240199272
1240 1.168107770340957 0.000187834785663
1241 1.168107733523636 0.000190491994858
1242 1.168107695658012 0.000193213824912
1243 1.168107656704782 0.000196002352864
1244 1.168107616620578 0.000198859743620
1245 1.168107575361301 0.000201788249968
1246 1.168107532880691 0.000204790213374
1247 1.168107489127140 0.000207868081969
1248 1.168107444051129 0.000211024398155
1249 1.168107397598629 0.000214261814715
1250 1.168107349710854 0.000217583099900
1251 1.168107300333061 0.000220991136936
1252 1.168107249396077 0.000224488942000
1253 1.168107196838798 0.000228079653614
1254 1.168107142587324 0.000231766559841
1255 1.168107086571636 0.000235553085779
1256 1.168107028715452 0.000239442815255
1257 1.168106968935738 0.000243439495347
1258 1.168106907147314 0.000247547042949
1259 1.168106843260518 0.000251769558804
1260 1.168106777180421 0.000256111333763
1261 1.168106708805322 0.000260576860229
1262 1.168106638031200 0.000265170843371
1263 1.168106564744761 0.000269898217772
1264 1.168106488827153 0.000274764155570
1265 1.168106410153491 0.000279774081555
1266 1.168106328591107 0.000284933688830
1267 1.168106243999217 0.000290248956169
1268 1.168106156229136 0.000295726161344
1269 1.168106065123279 0.000301371905075
1270 1.168105970514370 0.000307193125626
1271 1.168105872223027 0.000313197122998
1272 1.168105770061993 0.000319391580171
1273 1.168105663830445 0.000325784587527
1274 1.168105553313528 0.000332384672941
1275 1.168105438284144 0.000339200824021
1276 1.168105318503126 0.000346242516943
1277 1.168105193707927 0.000353519764038
1278 1.168105063628217 0.000361043126824
1279 1.168104927965648 0.000368823777446
1280 1.168104786410414 0.000376873517067
1281 1.168104638625686 0.000385204837390
1282 1.168104484253329 0.000393830964034
1283 1.168104322909736 0.000402765903539
1284 1.168104154184935 0.000412024504417
1285 1.168103977637108 0.000421622521717
1286 1.168103792792785 0.000431576675880
1287 1.168103599143109 0.000441904731199
1288 1.168103396144398 0.000452625569331
1289 1.168103183208101 0.000463759280126
1290 1.168102959699689 0.000475327255181
1291 1.168102724939929 0.000487352282178
1292 1.168102478191779 0.000499858665419
1293 1.168102218658871 0.000512872345512
1294 1.168101945484761 0.000526421028246
1295 1.168101657735900 0.000540534338756
1296 1.168101354406845 0.000555243972951
1297 1.168101034404581 0.000570583884745
1298 1.168100696541890 0.000586590472189
1299 1.168100339528573 0.000603302797844
1300 1.168099961958691 0.000620762821239
1301 1.168099562304825 0.000639015661806
1302 1.168099138894076 0.000658109889162
1303 1.168098689904184 0.000678097845752
1304 1.168098213338809 0.000699035996644
1305 1.168097707010546 0.000720985332337
1306 1.168097168521106 0.000744011807077
1307 1.168096595235419 0.000768186830251
1308 1.168095984252100 0.000793587817494
1309 1.168095332377340 0.000820298800766
1310 1.168094636082329 0.000848411128765
1311 1.168093891464657 0.000878024235882
1312 1.168093094207426 0.000909246506282
1313 1.168092239514344 0.000942196277578
1314 1.168091322058924 0.000977002935665
1315 1.168090335907719 0.001013808183155
1316 1.168089274439159 0.001052767470551
1317 1.168088130249268 0.001094051621222
1318 1.168086895039861 0.001137848696657
1319 1.168085559497435 0.001184366103176
1320 1.168084113132411 0.001233833049320
1321 1.168082544116300 0.001286503326421
1322 1.168080839065653 0.001342658549062
1323 1.168078982807151 0.001402611879391
1324 1.168076958088216 0.001466712356576
1325 1.168074745237528 0.001535349931359
1326 1.168072321760197 0.001608961343091
1327 1.168069661857511 0.001688036998052
1328 1.168066735841643 0.001773129066429
1329 1.168063509439957 0.001864861022302
1330 1.168059942946231 0.001963938955977
1331 1.168055990187642 0.002071165022502
1332 1.168051597269615 0.002187453513654
1333 1.168046701026164 0.002313850139821
1334 1.168041227107455 0.002451555295309
1335 1.168035087609061 0.002601952235315
1336 1.168028178098612 0.002766641443555
1337 1.168020373890654 0.002947482712129
1338 1.168011525320798 0.003146647044634
1339 1.168001451724911 0.003366681028553
1340 1.167989933703276 0.003610587256697
1341 1.167976703112199 0.003881925466433
1342 1.167961429985005 0.004184940768478
1343 1.167943705309368 0.004524727494108
1344 1.167923018116821 0.004907440422647
1345 1.167898724677646 0.005340569624635
1346 1.167870006636490 0.005833301721350
1347 1.167835813443168 0.006396999840708
1348 1.167794782093788 0.007045848879789
1349 1.167745123755360 0.007797734010958
1350 1.167684461067415 0.008675453433051
1351 1.167609590804863 0.009708418042635
1352 1.167516131264262 0.010935073262766
1353 1.167397987845993 0.012406413372745
1354 1.167246524952825 0.014191185121244
1355 1.167049250974613 0.016383767416166
1356 1.166787672153763 0.019116406347354
1357 1.166433680619832 0.022578756709769
1358 1.165943260615156 0.027050107035298
1359 1.165245078977569 0.032954495316100
1360 1.164218840206398 0.040959018952255
1361 3.249106650154550 0.367689158693511
1362 1.222659422970736 0.321074435106927
1363 1.183977355267532 0.103377171185580
1364 1.176915971202641 0.056587954320685
1365 1.173687039068529 0.039806394443475
1366 1.171886271495790 0.030676286987710
1367 1.170792328560586 0.024644094734258
1368 1.170087201582659 0.020308356562702
1369 1.169611347274746 0.017051258639118
1370 1.169278125128092 0.014532259645071
1371 1.169037559573582 0.012540493708663
1372 1.168859382499033 0.010936859513456
1373 1.168724502884736 0.009625812146841
1374 1.168620458842225 0.008539731283700
1375 1.168538872442403 0.007629585624654
1376 1.168473965360989 0.006859083757516
1377 1.168421661815542 0.006200879085158
1378 1.168379029323640 0.005634037472922
1379 1.168343920363900 0.005142306830537
1380 1.168314737143307 0.004712909848171
1381 1.168290273758526 0.004335686058202
1382 1.168269608197765 0.004002471976139
1383 1.168252027141506 0.003706646475926
1384 1.168236972729814 0.003442792824994
1385 1.168224004328213 0.003206444276620
1386 1.168212770701873 0.002993890369697
1387 1.168202989497452 0.002802027901282
1388 1.168194431943052 0.002628245145812
1389 1.168186911331369 0.002470331080687
1390 1.168180274236964 0.002326403632572
1391 1.168174393780916 0.002194852518600
1392 1.168169164414204 0.002074293350245
1393 1.168164497833519 0.001963530569334
1394 1.168160319778526 0.001861527290997
1395 1.168156567483018 0.001767380632679
1396 1.168153187653232 0.001680301415210
1397 1.168150134828507 0.001599597367695
1398 1.168147370077250 0.001524659158579
1399 1.168144859917460 0.001454948733036
1400 1.168142575448938 0.001389989511839
1401 1.168140491638495 0.001329358137657
1402 1.168138586721682 0.001272677489368
1403 1.168136841722240 0.001219610734264
1404 1.168135240035549 0.001169856267968
1405 1.168133767092474 0.001123143375969
1406 1.168132410076789 0.001079228501061
1407 1.168131157676526 0.001037892041113
1408 1.168129999887377 0.000998935563280
1409 1.168128927834393 0.000962179405444
1410 1.168127933629457 0.000927460576231
1411 1.168127010242373 0.000894630935841
1412 1.168126151397231 0.000863555589586
1413 1.168125351474097 0.000834111496493
1414 1.168124605436937 0.000806186238929
1415 1.168123908756186 0.000779676935958
1416 1.168123257356658 0.000754489288650
1417 1.168122647562311 0.000730536736190
1418 1.168122076050588 0.000707739699883
1419 1.168121539816011 0.000686024920031
1420 1.168121036130982 0.000665324867629
1421 1.168120562520109 0.000645577204720
1422 1.168120116731082 0.000626724317468
1423 1.168119696714704 0.000608712890506
1424 1.168119300596876 0.000591493532036
1425 1.168118926670933 0.000575020421448
1426 1.168118573369779 0.000559251018934
1427 1.168118239265034 0.000544145768564
1428 1.168117923039663 0.000529667868820
1429 1.168117623489712 0.000515783030505
1430 1.168117339502873 0.000502459284022
1431 1.168117070058275 0.000489666786148
1432 1.168116814215326 0.000477377657833
1433 1.168116571104769 0.000465565825471
1434 1.168116339924003 0.000454206887170
1435 1.168116119933044 0.000443277981210
1436 1.168115910441643 0.000432757677381
1437 1.168115710816052 0.000422625860408
1438 1.168115520464899 0.000412863645183
1439 1.168115338839933 0.000403453279849
1440 1.168115165433135 0.000394378067447
1441 1.168114999769976 0.000385622292661
1442 1.168114841408255 0.000377171152904
1443 1.168114689939445 0.000369010692394
1444 1.168114544977671 0.000361127750515
1445 1.168114406167729 0.000353509899836
1446 1.168114273174049 0.000346145407067
1447 1.168114145686227 0.000339023177580
1448 1.168114023408163 0.000332132725299
1449 1.168113906070077 0.000325464118187
1450 1.168113793413838 0.000319007957880
1451 1.168113685199372 0.000312755337506
1452 1.168113581201184 0.000306697813610
1453 1.168113481205421 0.000300827377188
1454 1.168113385018088 0.000295136423105
1455 1.168113292448552 0.000289617735365
1456 1.168113203320021 0.000284264455690
1457 1.168113117468170 0.000279070064138
1458 1.168113034736999 0.000274028358856
1459 1.168112954978979 0.000269133439464
1460 1.168112878055407 0.000264379689494
1461 1.168112803834654 0.000259761757339
1462 1.168112732195045 0.000255274542477
1463 1.168112663016136 0.000250913188072
1464 1.168112596190543 0.000246673054276
1465 1.168112531611937 0.000242549717431
1466 1.168112469182364 0.000238538952969
1467 1.168112408807926 0.000234636728975
1468 1.168112350400429 0.000230839187398
1469 1.168112293874729 0.000227142646784
1470 1.168112239151172 0.000223543583736
1471 1.168112186154258 0.000220038628702
1472 1.168112134812031 0.000216624555222
1473 1.168112085057279 0.000213298274828
1474 1.168112036824881 0.000210056830608
1475 1.168111990050884 0.000206897390840
1476 1.168111944679247 0.000203817239215
1477 1.168111900652816 0.000200813771726
1478 1.168111857920729 0.000197884488745
1479 1.168111816430187 0.000195026996897
1480 1.168111776133015 0.000192239000085
1481 1.168111736983302 0.000189518284456
1482 1.168111698939593 0.000186862732298
1483 1.168111661957210 0.000184270306065
1484 1.168111625998803 0.000181739049433
1485 1.168111591023789 0.000179267078680
1486 1.168111556998005 0.000176852584384
1487 1.168111523884628 0.000174493827813
1488 1.168111491655031 0.000172189128195
1489 1.168111460271490 0.000169936880043
1490 1.168111429708446 0.000167735526940
1491 1.168111399934058 0.000165583576385
1492 1.168111370920973 0.000163479586677
1493 1.168111342644486 0.000161422170910
1494 1.168111315077551 0.000159409992384
1495 1.168111288196529 0.000157441759262
1496 1.168111261977712 0.000155516231985
1497 1.168111236398724 0.000153632207445
1498 1.168111211436655 0.000151788531686
1499 1.168111187074219 0.000149984085330
1500 1.168111163288404 0.000148217791446
1501 1.168111140062139 0.000146488609037
1502 1.168111117376596 0.000144795531190
1503 1.168111095215194 0.000143137588122
1504 1.168111073559905 0.000141513841542
1505 1.168111052394042 0.000139923384266
1506 1.168111031704354 0.000138365336651
1507 1.168111011474819 0.000136838856045
1508 1.168110991689665 0.000135343117391
1509 1.168110972337979 0.000133877329178
1510 1.168110953403667 0.000132440726074
1511 1.168110934875997 0.000131032562339
1512 1.168110916740568 0.000129652120355
1513 1.168110898988699 0.000128298702556
1514 1.168110881605314 0.000126971637259
1515 1.168110864580731 0.000125670271242
1516 1.168110847905898 0.000124393969549
1517 1.168110831569395 0.000123142121896
1518 1.168110815561263 0.000121914132519
1519 1.168110799871891 0.000120709426160
1520 1.168110784491612 0.000119527446503
1521 1.168110769413674 0.000118367648217
1522 1.168110754628161 0.000117229510565
1523 1.168110740126227 0.000116112521165
1524 1.168110725899890 0.000115016189208
1525 1.168110711942440 0.000113940033271
1526 1.168110698246376 0.000112883586874
1527 1.168110684803743 0.000111846400727
1528 1.168110671608936 0.000110828034362
1529 1.168110658653717 0.000109828062818
1530 1.168110645931891 0.000108846074202
1531 1.168110633437629 0.000107881664930
1532 1.168110621164970 0.000106934443637
1533 1.168110609107447 0.000106004031908
1534 1.168110597260345 0.000105090063431
1535 1.168110585617678 0.000104192176831
1536 1.168110574173417 0.000103310025928
1537 1.168110562922560 0.000102443271042
1538 1.168110551861175 0.000101591583799
1539 1.168110540984385 0.000100754641925
1540 1.168110530285989 0.000099932136440
1541 1.168110519763192 0.000099123763342
1542 1.168110509408630 0.000098329229149
1543 1.168110499221687 0.000097548244953
1544 1.168110489196560 0.000096780531130
1545 1.168110479329672 0.000096025817329
1546 1.168110469616547 0.000095283838432
1547 1.168110460052927 0.000094554338489
1548 1.168110450637070 0.000093837064020
1549 1.168110441362701 0.000093131773034
1550 1.168110432229655 0.000092438223783
1551 1.168110423230933 0.000091756189833
1552 1.168110414367029 0.000091085440239
1553 1.168110405631310 0.000090425758434
1554 1.168110397022759 0.000089776929432
1555 1.168110388539183 0.000089138741832
1556 1.168110380174667 0.000088510995787
1557 1.168110371928192 0.000087893490342
1558 1.168110363797048 0.000087286032469
1559 1.168110355778580 0.000086688433282
1560 1.168110347870349 0.000086100507522
1561 1.168110340069755 0.000085522076577
1562 1.168110332373142 0.000084952966512
1563 1.168110324780788 0.000084393004628
1564 1.168110317285880 0.000083842026614
1565 1.168110309892039 0.000083299867188
1566 1.168110302592920 0.000082766368650
1567 1.168110295388177 0.000082241376374
1568 1.168110288272865 0.000081724741783
1569 1.168110281248708 0.000081216312863
1570 1.168110274311925 0.000080715948568
1571 1.168110267461626 0.000080223507025
1572 1.168110260692313 0.000079738854397
1573 1.168110254008262 0.000079261849574
1574 1.168110247403681 0.000078792367888
1575 1.168110240875511 0.000078330280966
1576 1.168110234426083 0.000077875462289
1577 1.168110228051071 0.000077427790581
1578 1.168110221749337 0.000076987147233
1579 1.168110215519526 0.000076553416176
1580 1.168110209359762 0.000076126482406
1581 1.168110203269961 0.000075706235996
1582 1.168110197246719 0.000075292568710
1583 1.168110191289731 0.000074885373583
1584 1.168110185397723 0.000074484548406
1585 1.168110179568743 0.000074089990837
1586 1.168110173801154 0.000073701602262
1587 1.168110168094975 0.000073319286486
1588 1.168110162446481 0.000072942948833
1589 1.168110156858515 0.000072572495877
1590 1.168110151326252 0.000072207837445
1591 1.168110145850695 0.000071848886856
1592 1.168110140427406 0.000071495558216
1593 1.168110135060617 0.000071147762816
1594 1.168110129744682 0.000070805422987
1595 1.168110124479793 0.000070468456516
1596 1.168110119265666 0.000070136782352
1597 1.168110114101677 0.000069810324934
1598 1.168110108984315 0.000069489009460
1599 1.168110103915374 0.000069172761034
1600 1.168110098892221 0.000068861508504
1601 1.168110093914362 0.000068555180484
1602 1.168110088981303 0.000068253707749
1603 1.168110084092056 0.000067957021691
1604 1.168110079245519 0.000067665057815
1605 1.168110074439788 0.000067377752673
1606 1.168110069675661 0.000067095040146
1607 1.168110064952061 0.000066816858814
1608 1.168110060266996 0.000066543149583
1609 1.168110055620982 0.000066273852343
1610 1.168110051012551 0.000066008910742
1611 1.168110046440620 0.000065748265284
1612 1.168110041907005 0.000065491860345
1613 1.168110037406556 0.000065239645430
1614 1.168110032942219 0.000064991564084
1615 1.168110028511388 0.000064747565488
1616 1.168110024114983 0.000064507598889
1617 1.168110019749730 0.000064271615870
1618 1.168110015418318 0.000064039564206
1619 1.168110011116895 0.000063811399583
1620 1.168110006846492 0.000063587074603
1621 1.168110002606412 0.000063366542372
1622 1.168109998396393 0.000063149760014
1623 1.168109994215393 0.000062936683064
1624 1.168109990062557 0.000062727269531
1625 1.168109985936534 0.000062521478030
1626 1.168109981838293 0.000062319267059
1627 1.168109977767075 0.000062120595955
1628 1.168109973722474 0.000061925425464
1629 1.168109969702843 0.000061733720478
1630 1.168109965708554 0.000061545440802
1631 1.168109961737752 0.000061360551231
1632 1.168109957792129 0.000061179015468
1633 1.168109953869187 0.000061000799603
1634 1.168109949969409 0.000060825868986
1635 1.168109946092243 0.000060654188778
1636 1.168109942236864 0.000060485729551
1637 1.168109938403671 0.000060320456257
1638 1.168109934591705 0.000060158338545
1639 1.168109930799491 0.000059999348440
1640 1.168109927027529 0.000059843453986
1641 1.168109923276605 0.000059690625798
1642 1.168109919542910 0.000059540838716
1643 1.168109915829370 0.000059394060714
1644 1.168109912134697 0.000059250267370
1645 1.168109908457365 0.000059109431862
1646 1.168109904797094 0.000058971528754
1647 1.168109901155214 0.000058836532517
1648 1.168109897529483 0.000058704417341
1649 1.168109893919385 0.000058575162932
1650 1.168109890326576 0.000058448743093
1651 1.168109886749625 0.000058325134588
1652 1.168109883186860 0.000058204316654
1653 1.168109879639134 0.000058086268450
1654 1.168109876106854 0.000057970966735
1655 1.168109872587427 0.000057858393557
1656 1.168109869082745 0.000057748525493
1657 1.168109865590836 0.000057641347758
1658 1.168109862112429 0.000057536837098
1659 1.168109858646760 0.000057434978093
1660 1.168109855193605 0.000057335751326
1661 1.168109851751179 0.000057239141032
1662 1.168109848322444 0.000057145127206
1663 1.168109844904379 0.000057053697174
1664 1.168109841496924 0.000056964832857
1665 1.168109838100633 0.000056878519161
1666 1.168109834714146 0.000056794741708
1667 1.168109831338746 0.000056713485460
1668 1.168109827971800 0.000056634738464
1669 1.168109824614559 0.000056558484626
1670 1.168109821267419 0.000056484710587
1671 1.168109817928355 0.000056413406224
1672 1.168109814597891 0.000056344557644
1673 1.168109811275373 0.000056278153010
1674 1.168109807961751 0.000056214181212
1675 1.168109804655262 0.000056152632301
1676 1.168109801355766 0.000056093495163
1677 1.168109798065025 0.000056036757427
1678 1.168109794778450 0.000055982414393
1679 1.168109791499129 0.000055930453935
1680 1.168109788226818 0.000055880866817
1681 1.168109784960553 0.000055833645058
1682 1.168109781699023 0.000055788782114
1683 1.168109778443530 0.000055746268970
1684 1.168109775192550 0.000055706098488
1685 1.168109771946828 0.000055668263913
1686 1.168109768704136 0.000055632761855
1687 1.168109765467793 0.000055599580519
1688 1.168109762234639 0.000055568718420
1689 1.168109759004355 0.000055540170399
1690 1.168109755778119 0.000055513930169
1691 1.168109752555238 0.000055489992368
1692 1.168109749334765 0.000055468356092
1693 1.168109746116697 0.000055449016193
1694 1.168109742901633 0.000055431967467
1695 1.168109739688767 0.000055417210002
1696 1.168109736476711 0.000055404740377
1697 1.168109733267118 0.000055394555158
1698 1.168109730057423 0.000055386654912
1699 1.168109726850112 0.000055381035688
1700 1.168109723643141 0.000055377697168
1701 1.168109720437456 0.000055376639997
1702 1.168109717230107 0.000055377863736
1703 1.168109714024268 0.000055381366328
1704 1.168109710816941 0.000055387151757
1705 1.168109707610538 0.000055395217135
1706 1.168109704402296 0.000055405566577
1707 1.168109701192114 0.000055418201336
1708 1.168109697981744 0.000055433120930
1709 1.168109694768620 0.000055450332045
1710 1.168109691554635 0.000055469833278
1711 1.168109688337148 0.000055491630355
1712 1.168109685118782 0.000055515724626
1713 1.168109681897118 0.000055542121946
1714 1.168109678672774 0.000055570825456
1715 1.168109675444333 0.000055601841517
1716 1.168109672212408 0.000055635172821
1717 1.168109668976829 0.000055670826629
1718 1.168109665737311 0.000055708807634
1719 1.168109662494186 0.000055749121808
1720 1.168109659245591 0.000055791776953
1721 1.168109655992212 0.000055836780045
1722 1.168109652732673 0.000055884139265
1723 1.168109649468946 0.000055933858593
1724 1.168109646198457 0.000055985951205
1725 1.168109642922318 0.000056040422201
1726 1.168109639641167 0.000056097280067
1727 1.168109636352180 0.000056156538687
1728 1.168109633056229 0.000056218204181
1729 1.168109629753096 0.000056282288093
1730 1.168109626443211 0.000056348799707
1731 1.168109623124714 0.000056417753087
1732 1.168109619798882 0.000056489155661
1733 1.168109616463291 0.000056563025069
1734 1.168109613120375 0.000056639368978
1735 1.168109609767901 0.000056718200609
1736 1.168109606406571 0.000056799535740
1737 1.168109603035681 0.000056883386151
1738 1.168109599653766 0.000056969768251
1739 1.168109596262447 0.000057058694896
1740 1.168109592860743 0.000057150181716
1741 1.168109589446605 0.000057244245183
1742 1.168109586023318 0.000057340899153
1743 1.168109582588785 0.000057440161620
1744 1.168109579140451 0.000057542050852
1745 1.168109575679782 0.000057646583988
1746 1.168109572208051 0.000057753777720
1747 1.168109568723196 0.000057863652364
1748 1.168109565225049 0.000057976225739
1749 1.168109561713334 0.000058091518108
1750 1.168109558186808 0.000058209550271
1751 1.168109554646242 0.000058330342316
1752 1.168109551092754 0.000058453914803
1753 1.168109547521660 0.000058580292385
1754 1.168109543936461 0.000058709494527
1755 1.168109540335442 0.000058841545141
1756 1.168109536718456 0.000058976467788
1757 1.168109533084126 0.000059114287337
1758 1.168109529432618 0.000059255029862
1759 1.168109525764153 0.000059398717690
1760 1.168109522077363 0.000059545378990
1761 1.168109518373255 0.000059695039485
1762 1.168109514650137 0.000059847726588
1763 1.168109510909000 0.000060003467585
1764 1.168109507147731 0.000060162292858
1765 1.168109503366453 0.000060324231251
1766 1.168109499564222 0.000060489312516
1767 1.168109495741535 0.000060657567351
1768 1.168109491898440 0.000060829025509
1769 1.168109488032713 0.000061003721800
1770 1.168109484144078 0.000061181690088
1771 1.168109480234307 0.000061362958799
1772 1.168109476300095 0.000061547568439
1773 1.168109472343846 0.000061735547742
1774 1.168109468361654 0.000061926939542
1775 1.168109464355416 0.000062121776552
1776 1.168109460324210 0.000062320096977
1777 1.168109456265504 0.000062521941942
1778 1.168109452182960 0.000062727345004
1779 1.168109448072083 0.000062936351160
1780 1.168109443933528 0.000063149002842
1781 1.168109439767858 0.000063365335960
1782 1.168109435574129 0.000063585398395
1783 1.168109431350460 0.000063809233429
1784 1.168109427097173 0.000064036884982
1785 1.168109422813453 0.000064268400006
1786 1.168109418498289 0.000064503824947
1787 1.168109414150921 0.000064743206815
1788 1.168109409772507 0.000064986595522
1789 1.168109405361105 0.000065234041690
1790 1.168109400915005 0.000065485596386
1791 1.168109396435412 0.000065741310091
1792 1.168109391921056 0.000066001237681
1793 1.168109387370050 0.000066265436061
1794 1.168109382783380 0.000066533956468
1795 1.168109378158433 0.000066806859501
1796 1.168109373495737 0.000067084202237
1797 1.168109368793463 0.000067366046153
1798 1.168109364054443 0.000067652446520
1799 1.168109359273322 0.000067943472795
1800 1.168109354451458 0.000068239183483
1801 1.168109349585169 0.000068539649662
1802 1.168109344677955 0.000068844931151
1803 1.168109339727484 0.000069155097841
1804 1.168109334730624 0.000069470222660
1805 1.168109329689255 0.000069790373021
1806 1.168109324600892 0.000070115622550
1807 1.168109319466299 0.000070446044928
1808 1.168109314281820 0.000070781718296
1809 1.168109309047659 0.000071122717906
1810 1.168109303762896 0.000071469125429
1811 1.168109298427068 0.000071821019592
1812 1.168109293038035 0.000072178485705
1813 1.168109287595998 0.000072541605871
1814 1.168109282099193 0.000072910466971
1815 1.168109276545305 0.000073285162852
1816 1.168109270934688 0.000073665778223
1817 1.168109265264714 0.000074052409647
1818 1.168109259537363 0.000074445148774
1819 1.168109253747547 0.000074844095332
1820 1.168109247895686 0.000075249349492
1821 1.168109241980076 0.000075661010187
1822 1.168109236000045 0.000076079181968
1823 1.168109229953979 0.000076503972046
1824 1.168109223838424 0.000076935491593
1825 1.168109217655353 0.000077373846919
1826 1.168109211400364 0.000077819156967
1827 1.168109205074023 0.000078271535199
1828 1.168109198674696 0.000078731101204
1829 1.168109192198532 0.000079197980321
1830 1.168109185646733 0.000079672294286
1831 1.168109179015554 0.000080154172112
1832 1.168109172303554 0.000080643746616
1833 1.168109165508858 0.000081141151604
1834 1.168109158631302 0.000081646522737
1835 1.168109151667926 0.000082160001808
1836 1.168109144615500 0.000082681734394
1837 1.168109137473609 0.000083211868701
1838 1.168109130239930 0.000083750554267
1839 1.168109122912969 0.000084297946427
1840 1.168109115488608 0.000084854206063
1841 1.168109107966892 0.000085419493974
1842 1.168109100344640 0.000085993978256
1843 1.168109092620002 0.000086577828015
1844 1.168109084788483 0.000087171223786
1845 1.168109076849757 0.000087774339650
1846 1.168109068801193 0.000088387363668
1847 1.168109060640224 0.000089010481341
1848 1.168109052362241 0.000089643891306
1849 1.168109043968131 0.000090287786910
1850 1.168109035451785 0.000090942376890
1851 1.168109026811372 0.000091607868096
1852 1.168109018044338 0.000092284474078
1853 1.168109009147235 0.000092972416635
1854 1.168109000118111 0.000093671919322
1855 1.168108990950525 0.000094383219313
1856 1.168108981645266 0.000095106547455
1857 1.168108972195796 0.000095842153818
1858 1.168108962599788 0.000096590285562
1859 1.168108952853399 0.000097351202906
1860 1.168108942952207 0.000098125168361
1861 1.168108932894816 0.000098912452520
1862 1.168108922674438 0.000099713336258
1863 1.168108912286975 0.000100528107388
1864 1.168108901730552 0.000101357056769
1865 1.168108890998803 0.000102200489351
1866 1.168108880088128 0.000103058714466
1867 1.168108868991456 0.000103932055237
1868 1.168108857709166 0.000104820834312
1869 1.168108846231052 0.000105725395128
1870 1.168108834554559 0.000106646081901
1871 1.168108822673041 0.000107583254008
1872 1.168108810582164 0.000108537276970
1873 1.168108798277460 0.000109508527783
1874 1.168108785749751 0.000110497399042
1875 1.168108772996407 0.000111504289698
1876 1.168108760009857 0.000112529608781
1877 1.168108746782522 0.000113573785257
1878 1.168108733308866 0.000114637252562
1879 1.168108719581259 0.000115720462868
1880 1.168108705594440 0.000116823875842
1881 1.168108691339167 0.000117947972437
1882 1.168108676807508 0.000119093242395
1883 1.168108661993731 0.000120260190346
1884 1.168108646888761 0.000121449341065
1885 1.168108631482649 0.000122661231574
1886 1.168108615767771 0.000123896419015
1887 1.168108599735437 0.000125155471960
1888 1.168108583374868 0.000126438981912
1889 1.168108566679108 0.000127747557637
1890 1.168108549633978 0.000129081828080
1891 1.168108532232380 0.000130442440659
1892 1.168108514462863 0.000131830062184
1893 1.168108496312955 0.000133245385860
1894 1.168108477771544 0.000134689124413
1895 1.168108458826830 0.000136162014557
1896 1.168108439464834 0.000137664817382
1897 1.168108419674859 0.000139198315299
1898 1.168108399440675 0.000140763326874
1899 1.168108378749505 0.000142360686417
1900 1.168108357587248 0.000143991263933
1901 1.168108335938109 0.000145655957531
1902 1.168108313785482 0.000147355694910
1903 1.168108291113283 0.000149091437359
1904 1.168108267902524 0.000150864181037
1905 1.168108244140246 0.000152674948528
1906 1.168108219803869 0.000154524810194
1907 1.168108194873865 0.000156414869142
1908 1.168108169331471 0.000158346265003
1909 1.168108143155459 0.000160320181611
1910 1.168108116322108 0.000162337849317
1911 1.168108088811658 0.000164400535301
1912 1.168108060598519 0.000166509558295
1913 1.168108031656159 0.000168666287987
1914 1.168108001960964 0.000170872140961
1915 1.168107971484527 0.000173128587671
1916 1.168107940199719 0.000175437156287
1917 1.168107908075909 0.000177799433188
1918 1.168107875081979 0.000180217064888
1919 1.168107841186594 0.000182691759878
1920 1.168107806355426 0.000185225298073
1921 1.168107770551860 0.000187819527289
1922 1.168107733740522 0.000190476366748
1923 1.168107695881593 0.000193197815294
1924 1.168107656934305 0.000195985949818
1925 1.168107616857286 0.000198842934508
1926 1.168107575603929 0.000201771021038
1927 1.168107533130600 0.000204772550964
1928 1.168107489385262 0.000207849969966
1929 1.168107444317406 0.000211005822280
1930 1.168107397872126 0.000214242760222
1931 1.168107349994945 0.000217563548399
1932 1.168107300623634 0.000220971075559
1933 1.168107249695884 0.000224468349226
1934 1.168107197148397 0.000228058511833
1935 1.168107142907865 0.000231744848147
1936 1.168107086902896 0.000235530784940
1937 1.168107029056376 0.000239419904947
1938 1.168106969288532 0.000243415949751
1939 1.168106907512634 0.000247522843131
1940 1.168106843637847 0.000251744679663
1941 1.168106777571390 0.000256085746916
1942 1.168106709209084 0.000260550541249
1943 1.168106638450521 0.000265143763416
1944 1.168106565177577 0.000269870349475
1945 1.168106489276145 0.000274735465465
1946 1.168106410618476 0.000279744538939
1947 1.168106329073991 0.000284903259461
1948 1.168106244500851 0.000290217602127
1949 1.168106156749244 0.000295693849436
1950 1.168106065663093 0.000301338593774
1951 1.168105971074090 0.000307158773935
1952 1.168105872805708 0.000313161687126
1953 1.168105770666846 0.000319355014524
1954 1.168105664459452 0.000325746844621
1955 1.168105553968275 0.000332345699770
1956 1.168105438965984 0.000339160568108
1957 1.168105319212579 0.000346200923124
1958 1.168105194448715 0.000353476770192
1959 1.168105064399956 0.000360998671218
1960 1.168104928770502 0.000368777793041
1961 1.168104787250640 0.000376825933270
1962 1.168104639504363 0.000385155579551
1963 1.168104485170884 0.000393779953077
1964 1.168104323869601 0.000402713054937
1965 1.168104155188023 0.000411969731485
1966 1.168103978686368 0.000421565728610
1967 1.168103793890905 0.000431517763860
1968 1.168103600294933 0.000441843592755
1969 1.168103397352677 0.000452562090373
1970 1.168103184475348 0.000463693341654
1971 1.168102961031326 0.000475258728081
1972 1.168102726337852 0.000487281030549
1973 1.168102479661228 0.000499784542775
1974 1.168102220205721 0.000512795197356
1975 1.168101947112822 0.000526340687149
1976 1.168101659452910 0.000540450624640
1977 1.168101356217066 0.000555156698139
1978 1.168101036314802 0.000570492844848
1979 1.168100698559548 0.000586495447602
1980 1.168100341660708 0.000603203553436
1981 1.168099964215247 0.000620659104380
1982 1.168099564693693 0.000638907200816
1983 1.168099141427396 0.000657996390627
1984 1.168098692591184 0.000677978994801
1985 1.168098216192399 0.000698911450598
1986 1.168097710044556 0.000720854724557
1987 1.168097171748582 0.000743874738659
1988 1.168096598673037 0.000768042868920
1989 1.168095987918393 0.000793436494207
1990 1.168095336290649 0.000820139609252
1991 1.168094640264215 0.000848243514263
1992 1.168093895939758 0.000877847594378
1993 1.168093099001616 0.000909060181630
1994 1.168092244657120 0.000941999551364
1995 1.168091327584055 0.000976795018809
1996 1.168090341849750 0.001013588217370
1997 1.168089280839225 0.001052534508966
1998 1.168088137153134 0.001093804623784
1999 1.168086902499098 0.001137586513210
