0	1.215789027280708	0.204112095833070
1	1.195954227751075	0.113061234645521
2	1.186969653632052	0.074296448239608
3	1.182271470366437	0.054080599359235
4	1.179579646145844	0.041691534905582
5	1.177934696866973	0.033268579570867
6	1.176879531876752	0.027165937768150
7	1.176176460425652	0.022559046466095
8	1.175693422085065	0.018979647878612
9	1.175353096409319	0.016137452931165
10	1.175108232279262	0.013841268590653
11	1.174928902910583	0.011959584138399
12	1.174795569992902	0.010398926408171
13	1.174695140630429	0.009091109162225
14	1.174618640419475	0.007985316534521
15	1.174559795107941	0.007042984662775
16	1.174514141185836	0.006234384095621
17	1.174478454025074	0.005536276558648
18	1.174450371897918	0.004930272119055
19	1.174428143790743	0.004401655104878
20	1.174410457182074	0.003938530813460
21	1.174396318509072	0.003531195966201
22	1.174384968963748	0.003171668067495
23	1.174375824366304	0.002853329157193
24	1.174368431715148	0.002570653216449
25	1.174362437423661	0.002318995375208
26	1.174357563851996	0.002094427434866
27	1.174353591824547	0.001893608330239
28	1.174350347461519	0.001713681321810
29	1.174347692202287	0.001552191756590
30	1.174345515183365	0.001407020815964
31	1.174343727373556	0.001276331760189
32	1.174342257037160	0.001158526059693
33	1.174341046187581	0.001052207389231
34	1.174340047825694	0.000956151846079
35	1.174339223760280	0.000869283235675
36	1.174338542889495	0.000790652448498
37	1.174337979820992	0.000719420137898
38	1.174337513793235	0.000654842148809
39	1.174337127790869	0.000596257139194
40	1.174336807858591	0.000543076083728
41	1.174336542523048	0.000494773298841
42	1.174336322343845	0.000450878749533
43	1.174336139544271	0.000410971419191
44	1.174335987706631	0.000374673612570
45	1.174335861534284	0.000341645959223
46	1.174335756649592	0.000311583148316
47	1.174335669428863	0.000284210135814
48	1.174335596874713	0.000259278868690
49	1.174335536505967	0.000236565386615
50	1.174335486261812	0.000215867284991
51	1.174335444431746	0.000197001491832
52	1.174335409605341	0.000179802249198
53	1.174335380598567	0.000164119397062
54	1.174335356438480	0.000149816782935
55	1.174335336310170	0.000136770888393
56	1.174335319539127	0.000124869583611
57	1.174335305564058	0.000114011029750
58	1.174335293917631	0.000104102677296
59	1.174335284209526	0.000095060396276
60	1.174335276116635	0.000086807663300
61	1.174335269372572	0.000079274843795
62	1.174335263749897	0.000072398573387
63	1.174335259062394	0.000066121145211
64	1.174335255151829	0.000060390019922
65	1.174335251894091	0.000055157312007
66	1.174335249175896	0.000050379407262
67	1.174335246911542	0.000046016542811
68	1.174335245023299	0.000042032471274
69	1.174335243447419	0.000038394148196
70	1.174335242134995	0.000035071434700
71	1.174335241041359	0.000032036836571
72	1.174335240128180	0.000029265280003
73	1.174335239367335	0.000026733893543
74	1.174335238733228	0.000024421789083
75	1.174335238203650	0.000022309924115
76	1.174335237763830	0.000020380909259
77	1.174335237396664	0.000018618877658
78	1.174335237091818	0.000017009338292
79	1.174335236836868	0.000015539071705
80	1.174335236623722	0.000014196004946
81	1.174335236445341	0.000012969116051
82	1.174335236300779	0.000011848330882
83	1.174335236176866	0.000010824475108
84	1.174335236074124	0.000009889146572
85	1.174335235989963	0.000009034681890
86	1.174335235919255	0.000008254084552
87	1.174335235861379	0.000007540962710
88	1.174335235811504	0.000006889478930
89	1.174335235770656	0.000006294299102
90	1.174335235737190	0.000005750553265
91	1.174335235709600	0.000005253797774
92	1.174335235686577	0.000004799967840
93	1.174335235666060	0.000004385349937
94	1.174335235651364	0.000004006553452
95	1.174335235637079	0.000003660485561
96	1.174335235625810	0.000003344315564
97	1.174335235616909	0.000003055458327
98	1.174335235609680	0.000002791555585
99	1.174335235604945	0.000002550449614
100	1.174335235599073	0.000002330171129
101	1.174335235594979	0.000002128921280
102	1.174335235591301	0.000001945053796
103	1.174335235588666	0.000001777070177
104	1.174335235586309	0.000001623593362
105	1.174335235585328	0.000001483374280
106	1.174335235582471	0.000001355264846
107	1.174335235582161	0.000001238219357
108	1.174335235580634	0.000001131288293
109	1.174335235578521	0.000001033587190
110	1.174335235578138	0.000000944326206
111	1.174335235578533	0.000000862774898
112	1.174335235578871	0.000000788265020
113	1.174335235578433	0.000000720193400
114	1.174335235576565	0.000000657997785
115	1.174335235577656	0.000000601172397
116	1.174335235577598	0.000000549257083
117	1.174335235576942	0.000000501825447
118	1.174335235576193	0.000000458490699
119	1.174335235576400	0.000000418896871
120	1.174335235575823	0.000000382724166
121	1.174335235576695	0.000000349671608
122	1.174335235576145	0.000000319476020
123	1.174335235576670	0.000000291888547
124	1.174335235575845	0.000000266682844
125	1.174335235577332	0.000000243652339
126	1.174335235576494	0.000000222612484
127	1.174335235577988	0.000000203388943
128	1.174335235576858	0.000000185824725
129	1.174335235575318	0.000000169781914
130	1.174335235577385	0.000000155119297
131	1.174335235577465	0.000000141722138
132	1.174335235576853	0.000000129486643
133	1.174335235577169	0.000000118304285
134	1.174335235575410	0.000000108089746
135	1.174335235577448	0.000000098756338
136	1.174335235577415	0.000000090228788
137	1.174335235577919	0.000000082436899
138	1.174335235577507	0.000000075320156
139	1.174335235577147	0.000000068816567
140	1.174335235576525	0.000000062875572
141	1.174335235578126	0.000000057445448
142	1.174335235576501	0.000000052488076
143	1.174335235576577	0.000000047954142
144	1.174335235577670	0.000000043814511
145	1.174335235577006	0.000000040032738
146	1.174335235577054	0.000000036573320
147	1.174335235577186	0.000000033419605
148	1.174335235576528	0.000000030535618
149	1.174335235576705	0.000000027897390
150	1.174335235578081	0.000000025488076
151	1.174335235577421	0.000000023287861
152	1.174335235577495	0.000000021278763
153	1.174335235577768	0.000000019442299
154	1.174335235576539	0.000000017765826
155	1.174335235578297	0.000000016229950
156	1.174335235578084	0.000000014831226
157	1.174335235576239	0.000000013551975
158	1.174335235577872	0.000000012381957
159	1.174335235575924	0.000000011314676
160	1.174335235576442	0.000000010339519
161	1.174335235577267	0.000000009446538
162	1.174335235577713	0.000000008630690
163	1.174335235577534	0.000000007887662
164	1.174335235578065	0.000000007206681
165	1.174335235576071	0.000000006586040
166	1.174335235576986	0.000000006019320
167	1.174335235577153	0.000000005499865
168	1.174335235577520	0.000000005025375
169	1.174335235577162	0.000000004592212
170	1.174335235577068	0.000000004196819
171	1.174335235577578	0.000000003834557
172	1.174335235576307	0.000000003504774
173	1.174335235577279	0.000000003203303
174	1.174335235576954	0.000000002928179
175	1.174335235576301	0.000000002677720
176	1.174335235576879	0.000000002446247
177	1.174335235576525	0.000000002238166
178	1.174335235575859	0.000000002044703
179	1.174335235578519	0.000000001867515
180	1.174335235577909	0.000000001705331
181	1.174335235577137	0.000000001562462
182	1.174335235577819	0.000000001429763
183	1.174335235577591	0.000000001304052
184	1.174335235577424	0.000000001193227
185	1.174335235576331	0.000000001092523
186	1.174335235576927	0.000000000996325
187	1.174335235576691	0.000000000913104
188	1.174335235577514	0.000000000834941
189	1.174335235577058	0.000000000766267
190	1.174335235577699	0.000000000697240
191	1.174335235575683	0.000000000640798
192	1.174335235576645	0.000000000585637
193	1.174335235578512	0.000000000533062
194	1.174335235577362	0.000000000490558
195	1.174335235577010	0.000000000449914
196	1.174335235575925	0.000000000411213
197	1.174335235576796	0.000000000378344
198	1.174335235578953	0.000000000344648
199	1.174335235577448	0.000000000315857
200	1.174335235577377	0.000000000289919
201	1.174335235578807	0.000000000263661
202	1.174335235577532	0.000000000244901
203	1.174335235577705	0.000000000223071
204	1.174335235578134	0.000000000206315
205	1.174335235576400	0.000000000190030
206	1.174335235578736	0.000000000171672
207	1.174335235576698	0.000000000160342
208	1.174335235575896	0.000000000147554
209	1.174335235577804	0.000000000134791
210	1.174335235576996	0.000000000126575
211	1.174335235576957	0.000000000115074
212	1.174335235577533	0.000000000105514
213	1.174335235577343	0.000000000096190
214	1.174335235576857	0.000000000090270
215	1.174335235577026	0.000000000084308
216	1.174335235576820	0.000000000076968
217	1.174335235577576	0.000000000069936
218	1.174335235576538	0.000000000069200
219	1.174335235578214	0.000000000061757
220	1.174335235577924	0.000000000055716
221	1.174335235577273	0.000000000054162
222	1.174335235577007	0.000000000050149
223	1.174335235577869	0.000000000044524
224	1.174335235579139	0.000000000041589
225	1.174335235577673	0.000000000038967
226	1.174335235576237	0.000000000039906
227	1.174335235577760	0.000000000036230
228	1.174335235576191	0.000000000033666
229	1.174335235577883	0.000000000030657
230	1.174335235577976	0.000000000030482
231	1.174335235576901	0.000000000029117
232	1.174335235577106	0.000000000027815
233	1.174335235577391	0.000000000025681
234	1.174335235577439	0.000000000024465
235	1.174335235576653	0.000000000024945
236	1.174335235576671	0.000000000023313
237	1.174335235576651	0.000000000021633
238	1.174335235578043	0.000000000021145
239	1.174335235577317	0.000000000020283
240	1.174335235576452	0.000000000021280
241	1.174335235578015	0.000000000018936
242	1.174335235577237	0.000000000018189
243	1.174335235577068	0.000000000017627
244	1.174335235576945	0.000000000016154
245	1.174335235577936	0.000000000015075
246	1.174335235577897	0.000000000015376
247	1.174335235577587	0.000000000014768
248	1.174335235577513	0.000000000015364
249	1.174335235576960	0.000000000013253
250	1.174335235576712	0.000000000013446
251	1.174335235577832	0.000000000012315
252	1.174335235576815	0.000000000012401
253	1.174335235577790	0.000000000013010
254	1.174335235577713	0.000000000012973
255	1.174335235577931	0.000000000013110
256	1.174335235578542	0.000000000012437
257	1.174335235577495	0.000000000013001
258	1.174335235578613	0.000000000012453
259	1.174335235577466	0.000000000012225
260	1.174335235577979	0.000000000011112
261	1.174335235577023	0.000000000011892
262	1.174335235575894	0.000000000012391
263	1.174335235577745	0.000000000010649
264	1.174335235577134	0.000000000010730
265	1.174335235577823	0.000000000010128
266	1.174335235576321	0.000000000011995
267	1.174335235577092	0.000000000010882
268	1.174335235577262	0.000000000011609
269	1.174335235576839	0.000000000010007
270	1.174335235577233	0.000000000010268
271	1.174335235577510	0.000000000009397
272	1.174335235577566	0.000000000009434
273	1.174335235577875	0.000000000009142
274	1.174335235576357	0.000000000010500
275	1.174335235578022	0.000000000008560
276	1.174335235578022	0.000000000008674
277	1.174335235578022	0.000000000008675
278	1.174335235578022	0.000000000008701
279	1.174335235578022	0.000000000008701
280	1.174335235578022	0.000000000008701
281	1.174335235578022	0.000000000008701
282	1.174335235578022	0.000000000008701
283	1.174335235578022	0.000000000008701
284	1.174335235578022	0.000000000008701
285	1.174335235578022	0.000000000008701
286	1.174335235578022	0.000000000008701
287	1.174335235578022	0.000000000008701
288	1.174335235578022	0.000000000008701
289	1.174335235578022	0.000000000008701
290	1.174335235578022	0.000000000008701
291	1.174335235578022	0.000000000008701
292	1.174335235578022	0.000000000008701
293	1.174335235578022	0.000000000008701
294	1.174335235578022	0.000000000008701
295	1.174335235578022	0.000000000008701
296	1.174335235578022	0.000000000008701
297	1.174335235578022	0.000000000008701
298	1.174335235578022	0.000000000008701
299	1.174335235578022	0.000000000008701
300	1.174335235578022	0.000000000008701
301	1.174335235578022	0.000000000008701
302	1.174335235578022	0.000000000008701
303	1.174335235578022	0.000000000008701
304	1.174335235578022	0.000000000008701
305	1.174335235578022	0.000000000008701
306	1.174335235578022	0.000000000008701
307	1.174335235578022	0.000000000008701
308	1.174335235578022	0.000000000008701
309	1.174335235578022	0.000000000008701
310	1.174335235578022	0.000000000008701
311	1.174335235578022	0.000000000008701
312	1.174335235578022	0.000000000008701
313	1.174335235578022	0.000000000008701
314	1.174335235578022	0.000000000008701
315	1.174335235578022	0.000000000008701
316	1.174335235578022	0.000000000008701
317	1.174335235578022	0.000000000008701
318	1.174335235578022	0.000000000008701
319	1.174335235578022	0.000000000008701
320	1.174335235578022	0.000000000008701
321	1.174335235578022	0.000000000008701
322	1.174335235578022	0.000000000008701
323	1.174335235578022	0.000000000008701
324	1.174335235578022	0.000000000008701
325	1.174335235578022	0.000000000008701
326	1.174335235578022	0.000000000008701
327	1.174335235578022	0.000000000008701
328	1.174335235578022	0.000000000008701
329	1.174335235578022	0.000000000008701
330	1.174335235578022	0.000000000008701
331	1.174335235578022	0.000000000008701
332	1.174335235578022	0.000000000008701
333	1.174335235578022	0.000000000008701
334	1.174335235578022	0.000000000008701
335	1.174335235578022	0.000000000008701
336	1.174335235578022	0.000000000008701
337	1.174335235578022	0.000000000008701
338	1.174335235578022	0.000000000008701
339	1.174335235578022	0.000000000008701
340	1.174335235578022	0.000000000008701
341	1.174335235578022	0.000000000008701
342	1.174335235578022	0.000000000008701
343	1.174335235578022	0.000000000008701
344	1.174335235578022	0.000000000008701
345	1.174335235578022	0.000000000008701
346	1.174335235578022	0.000000000008701
347	1.174335235578022	0.000000000008701
348	1.174335235578022	0.000000000008701
349	1.174335235578022	0.000000000008701
350	1.174335235578022	0.000000000008701
351	1.174335235578022	0.000000000008701
352	1.174335235578022	0.000000000008701
353	1.174335235578022	0.000000000008701
354	1.174335235578022	0.000000000008701
355	1.174335235578022	0.000000000008701
356	1.174335235578022	0.000000000008701
357	1.174335235578022	0.000000000008701
358	1.174335235578022	0.000000000008701
359	1.174335235578022	0.000000000008701
360	1.174335235578022	0.000000000008701
361	1.174335235578022	0.000000000008701
362	1.174335235578022	0.000000000008701
363	1.174335235578022	0.000000000008701
364	1.174335235578022	0.000000000008701
365	1.174335235578022	0.000000000008701
366	1.174335235578022	0.000000000008701
367	1.174335235578022	0.000000000008701
368	1.174335235578022	0.000000000008701
369	1.174335235578022	0.000000000008701
370	1.174335235578022	0.000000000008701
371	1.174335235578022	0.000000000008701
372	1.174335235578022	0.000000000008701
373	1.174335235578022	0.000000000008701
374	1.174335235578022	0.000000000008701
375	1.174335235578022	0.000000000008701
376	1.174335235578022	0.000000000008701
377	1.174335235578022	0.000000000008701
378	1.174335235578022	0.000000000008701
379	1.174335235578022	0.000000000008701
380	1.174335235578022	0.000000000008701
381	1.174335235578022	0.000000000008701
382	1.174335235578022	0.000000000008701
383	1.174335235578022	0.000000000008701
384	1.174335235578022	0.000000000008701
385	1.174335235578022	0.000000000008701
386	1.174335235578022	0.000000000008701
387	1.174335235578022	0.000000000008701
388	1.174335235578022	0.000000000008701
389	1.174335235578022	0.000000000008701
390	1.174335235578022	0.000000000008701
391	1.174335235578022	0.000000000008701
392	1.174335235578022	0.000000000008701
393	1.174335235578022	0.000000000008701
394	1.174335235578022	0.000000000008701
395	1.174335235578022	0.000000000008701
396	1.174335235578022	0.000000000008701
397	1.174335235578022	0.000000000008701
398	1.174335235578022	0.000000000008701
399	1.174335235578022	0.000000000008701
400	1.174335235578022	0.000000000008701
401	1.174335235578022	0.000000000008701
402	1.174335235578022	0.000000000008701
403	1.174335235578022	0.000000000008701
404	1.174335235578022	0.000000000008701
405	1.174335235578022	0.000000000008701
406	1.174335235578022	0.000000000008701
407	1.174335235578022	0.000000000008701
408	1.174335235578022	0.000000000008701
409	1.174335235578022	0.000000000008701
410	1.174335235578022	0.000000000008701
411	1.174335235578022	0.000000000008701
412	1.174335235578022	0.000000000008701
413	1.174335235578022	0.000000000008701
414	1.174335235578022	0.000000000008701
415	1.174335235578022	0.000000000008701
416	1.174335235578022	0.000000000008701
417	1.174335235578022	0.000000000008701
418	1.174335235578022	0.000000000008701
419	1.174335235578022	0.000000000008701
420	1.174335235578022	0.000000000008701
421	1.174335235578022	0.000000000008701
422	1.174335235578022	0.000000000008701
423	1.174335235578022	0.000000000008701
424	1.174335235578022	0.000000000008701
425	1.174335235578022	0.000000000008701
426	1.174335235578022	0.000000000008701
427	1.174335235578022	0.000000000008701
428	1.174335235578022	0.000000000008701
429	1.174335235578022	0.000000000008701
430	1.174335235578022	0.000000000008701
431	1.174335235578022	0.000000000008701
432	1.174335235578022	0.000000000008701
433	1.174335235578022	0.000000000008701
434	1.174335235578022	0.000000000008701
435	1.174335235578022	0.000000000008701
436	1.174335235578022	0.000000000008701
437	1.174335235578022	0.000000000008701
438	1.174335235578022	0.000000000008701
439	1.174335235578022	0.000000000008701
440	1.174335235578022	0.000000000008701
441	1.174335235578022	0.000000000008701
442	1.174335235578022	0.000000000008701
443	1.174335235578022	0.000000000008701
444	1.174335235578022	0.000000000008701
445	1.174335235578022	0.000000000008701
446	1.174335235578022	0.000000000008701
447	1.174335235578022	0.000000000008701
448	1.174335235578022	0.000000000008701
449	1.174335235578022	0.000000000008701
450	1.174335235578022	0.000000000008701
451	1.174335235578022	0.000000000008701
452	1.174335235578022	0.000000000008701
453	1.174335235578022	0.000000000008701
454	1.174335235578022	0.000000000008701
455	1.174335235578022	0.000000000008701
456	1.174335235578022	0.000000000008701
457	1.174335235578022	0.000000000008701
458	1.174335235578022	0.000000000008701
459	1.174335235578022	0.000000000008701
460	1.174335235578022	0.000000000008701
461	1.174335235578022	0.000000000008701
462	1.174335235578022	0.000000000008701
463	1.174335235578022	0.000000000008701
464	1.174335235578022	0.000000000008701
465	1.174335235578022	0.000000000008701
466	1.174335235578022	0.000000000008701
467	1.174335235578022	0.000000000008701
468	1.174335235578022	0.000000000008701
469	1.174335235578022	0.000000000008701
470	1.174335235578022	0.000000000008701
471	1.174335235578022	0.000000000008701
472	1.174335235578022	0.000000000008701
473	1.174335235578022	0.000000000008701
474	1.174335235578022	0.000000000008701
475	1.174335235578022	0.000000000008701
476	1.174335235578022	0.000000000008701
477	1.174335235578022	0.000000000008701
478	1.174335235578022	0.000000000008701
479	1.174335235578022	0.000000000008701
480	1.174335235578022	0.000000000008701
481	1.174335235578022	0.000000000008701
482	1.174335235578022	0.000000000008701
483	1.174335235578022	0.000000000008701
484	1.174335235578022	0.000000000008701
485	1.174335235578022	0.000000000008701
486	1.174335235578022	0.000000000008701
487	1.174335235578022	0.000000000008701
488	1.174335235578022	0.000000000008701
489	1.174335235578022	0.000000000008701
490	1.174335235578022	0.000000000008701
491	1.174335235578022	0.000000000008701
492	1.174335235578022	0.000000000008701
493	1.174335235578022	0.000000000008701
494	1.174335235578022	0.000000000008701
495	1.174335235578022	0.000000000008701
496	1.174335235578022	0.000000000008701
497	1.174335235578022	0.000000000008701
498	1.174335235578022	0.000000000008701
499	1.174335235578022	0.000000000008701
500	1.174335235578022	0.000000000008701
501	1.174335235578022	0.000000000008701
502	1.174335235578022	0.000000000008701
503	1.174335235578022	0.000000000008701
504	1.174335235578022	0.000000000008701
505	1.174335235578022	0.000000000008701
506	1.174335235578022	0.000000000008701
507	1.174335235578022	0.000000000008701
508	1.174335235578022	0.000000000008701
509	1.174335235578022	0.000000000008701
510	1.174335235578022	0.000000000008701
511	1.174335235578022	0.000000000008701
512	1.174335235578022	0.000000000008701
513	1.174335235578022	0.000000000008701
514	1.174335235578022	0.000000000008701
515	1.174335235578022	0.000000000008701
516	1.174335235578022	0.000000000008701
517	1.174335235578022	0.000000000008701
518	1.174335235578022	0.000000000008701
519	1.174335235578022	0.000000000008701
520	1.174335235578022	0.000000000008701
521	1.174335235578022	0.000000000008701
522	1.174335235578022	0.000000000008701
523	1.174335235578022	0.000000000008701
524	1.174335235578022	0.000000000008701
525	1.174335235578022	0.000000000008701
526	1.174335235578022	0.000000000008701
527	1.174335235578022	0.000000000008701
528	1.174335235578022	0.000000000008701
529	1.174335235578022	0.000000000008701
530	1.174335235578022	0.000000000008701
531	1.174335235578022	0.000000000008701
532	1.174335235578022	0.000000000008701
533	1.174335235578022	0.000000000008701
534	1.174335235578022	0.000000000008701
535	1.174335235578022	0.000000000008701
536	1.174335235578022	0.000000000008701
537	1.174335235578022	0.000000000008701
538	1.174335235578022	0.000000000008701
539	1.174335235578022	0.000000000008701
540	1.174335235578022	0.000000000008701
541	1.174335235578022	0.000000000008701
542	1.174335235578022	0.000000000008701
543	1.174335235578022	0.000000000008701
544	1.174335235578022	0.000000000008701
545	1.174335235578022	0.000000000008701
546	1.174335235578022	0.000000000008701
547	1.174335235578022	0.000000000008701
548	1.174335235578022	0.000000000008701
549	1.174335235578022	0.000000000008701
550	1.174335235578022	0.000000000008701
551	1.174335235578022	0.000000000008701
552	1.174335235578022	0.000000000008701
553	1.174335235578022	0.000000000008701
554	1.174335235578022	0.000000000008701
555	1.174335235578022	0.000000000008701
556	1.174335235578022	0.000000000008701
557	1.174335235578022	0.000000000008701
558	1.174335235578022	0.000000000008701
559	1.174335235578022	0.000000000008701
560	1.174335235578022	0.000000000008701
561	1.174335235578022	0.000000000008701
562	1.174335235578022	0.000000000008701
563	1.174335235578022	0.000000000008701
564	1.174335235578022	0.000000000008701
565	1.174335235578022	0.000000000008701
566	1.174335235578022	0.000000000008701
567	1.174335235578022	0.000000000008701
568	1.174335235578022	0.000000000008701
569	1.174335235578022	0.000000000008701
570	1.174335235578022	0.000000000008701
571	1.174335235578022	0.000000000008701
572	1.174335235578022	0.000000000008701
573	1.174335235578022	0.000000000008701
574	1.174335235578022	0.000000000008701
575	1.174335235578022	0.000000000008701
576	1.174335235578022	0.000000000008701
577	1.174335235578022	0.000000000008701
578	1.174335235578022	0.000000000008701
579	1.174335235578022	0.000000000008701
580	1.174335235578022	0.000000000008701
581	1.174335235578022	0.000000000008701
582	1.174335235578022	0.000000000008701
583	1.174335235578022	0.000000000008701
584	1.174335235578022	0.000000000008701
585	1.174335235578022	0.000000000008701
586	1.174335235578022	0.000000000008701
587	1.174335235578022	0.000000000008701
588	1.174335235578022	0.000000000008701
589	1.174335235578022	0.000000000008701
590	1.174335235578022	0.000000000008701
591	1.174335235578022	0.000000000008701
592	1.174335235578022	0.000000000008701
593	1.174335235578022	0.000000000008701
594	1.174335235578022	0.000000000008701
595	1.174335235578022	0.000000000008701
596	1.174335235578022	0.000000000008701
597	1.174335235578022	0.000000000008701
598	1.174335235578022	0.000000000008701
599	1.174335235578022	0.000000000008701
600	1.174335235578022	0.000000000008701
601	1.174335235578022	0.000000000008701
602	1.174335235578022	0.000000000008701
603	1.174335235578022	0.000000000008701
604	1.174335235578022	0.000000000008701
605	1.174335235578022	0.000000000008701
606	1.174335235578022	0.000000000008701
607	1.174335235578022	0.000000000008701
608	1.174335235578022	0.000000000008701
609	1.174335235578022	0.000000000008701
610	1.174335235578022	0.000000000008701
611	1.174335235578022	0.000000000008701
612	1.174335235578022	0.000000000008701
613	1.174335235578022	0.000000000008701
614	1.174335235578022	0.000000000008701
615	1.174335235578022	0.000000000008701
616	1.174335235578022	0.000000000008701
617	1.174335235578022	0.000000000008701
618	1.174335235578022	0.000000000008701
619	1.174335235578022	0.000000000008701
620	1.174335235578022	0.000000000008701
621	1.174335235578022	0.000000000008701
622	1.174335235578022	0.000000000008701
623	1.174335235578022	0.000000000008701
624	1.174335235578022	0.000000000008701
625	1.174335235578022	0.000000000008701
626	1.174335235578022	0.000000000008701
627	1.174335235578022	0.000000000008701
628	1.174335235578022	0.000000000008701
629	1.174335235578022	0.000000000008701
630	1.174335235578022	0.000000000008701
631	1.174335235578022	0.000000000008701
632	1.174335235578022	0.000000000008701
633	1.174335235578022	0.000000000008701
634	1.174335235578022	0.000000000008701
635	1.174335235578022	0.000000000008701
636	1.174335235578022	0.000000000008701
637	1.174335235578022	0.000000000008701
638	1.174335235578022	0.000000000008701
639	1.174335235578022	0.000000000008701
640	1.174335235578022	0.000000000008701
641	1.174335235578022	0.000000000008701
642	1.174335235578022	0.000000000008701
643	1.174335235578022	0.000000000008701
644	1.174335235578022	0.000000000008701
645	1.174335235578022	0.000000000008701
646	1.174335235578022	0.000000000008701
647	1.174335235578022	0.000000000008701
648	1.174335235578022	0.000000000008701
649	1.174335235578022	0.000000000008701
650	1.174335235578022	0.000000000008701
651	1.174335235578022	0.000000000008701
652	1.174335235578022	0.000000000008701
653	1.174335235578022	0.000000000008701
654	1.174335235578022	0.000000000008701
655	1.174335235578022	0.000000000008701
656	1.174335235578022	0.000000000008701
657	1.174335235578022	0.000000000008701
658	1.174335235578022	0.000000000008701
659	1.174335235578022	0.000000000008701
660	1.174335235578022	0.000000000008701
661	1.174335235578022	0.000000000008701
662	1.174335235578022	0.000000000008701
663	1.174335235578022	0.000000000008701
664	1.174335235578022	0.000000000008701
665	1.174335235578022	0.000000000008701
666	1.174335235578022	0.000000000008701
667	1.174335235578022	0.000000000008701
668	1.174335235578022	0.000000000008701
669	1.174335235578022	0.000000000008701
670	1.174335235578022	0.000000000008701
671	1.174335235578022	0.000000000008701
672	1.174335235578022	0.000000000008701
673	1.174335235578022	0.000000000008701
674	1.174335235578022	0.000000000008701
675	1.174335235578022	0.000000000008701
676	1.174335235578022	0.000000000008701
677	1.174335235578022	0.000000000008701
678	1.174335235578022	0.000000000008701
679	1.174335235578022	0.000000000008701
680	1.174335235578022	0.000000000008701
681	1.174335235578022	0.000000000008701
682	1.174335235578022	0.000000000008701
683	1.174335235578022	0.000000000008701
684	1.174335235578022	0.000000000008701
685	1.174335235578022	0.000000000008701
686	1.174335235578022	0.000000000008701
687	1.174335235578022	0.000000000008701
688	1.174335235578022	0.000000000008701
689	1.174335235578022	0.000000000008701
690	1.174335235578022	0.000000000008701
691	1.174335235578022	0.000000000008701
692	1.174335235578022	0.000000000008701
693	1.174335235578022	0.000000000008701
694	1.174335235578022	0.000000000008701
695	1.174335235578022	0.000000000008701
696	1.174335235578022	0.000000000008701
697	1.174335235578022	0.000000000008701
698	1.174335235578022	0.000000000008701
699	1.174335235578022	0.000000000008701
700	1.174335235578022	0.000000000008701
701	1.174335235578022	0.000000000008701
702	1.174335235578022	0.000000000008701
703	1.174335235578022	0.000000000008701
704	1.174335235578022	0.000000000008701
705	1.174335235578022	0.000000000008701
706	1.174335235578022	0.000000000008701
707	1.174335235578022	0.000000000008701
708	1.174335235578022	0.000000000008701
709	1.174335235578022	0.000000000008701
710	1.174335235578022	0.000000000008701
711	1.174335235578022	0.000000000008701
712	1.174335235578022	0.000000000008701
713	1.174335235578022	0.000000000008701
714	1.174335235578022	0.000000000008701
715	1.174335235578022	0.000000000008701
716	1.174335235578022	0.000000000008701
717	1.174335235578022	0.000000000008701
718	1.174335235578022	0.000000000008701
719	1.174335235578022	0.000000000008701
720	1.174335235578022	0.000000000008701
721	1.174335235578022	0.000000000008701
722	1.174335235578022	0.000000000008701
723	1.174335235578022	0.000000000008701
724	1.174335235578022	0.000000000008701
725	1.174335235578022	0.000000000008701
726	1.174335235578022	0.000000000008701
727	1.174335235578022	0.000000000008701
728	1.174335235578022	0.000000000008701
729	1.174335235578022	0.000000000008701
730	1.174335235578022	0.000000000008701
731	1.174335235578022	0.000000000008701
732	1.174335235578022	0.000000000008701
733	1.174335235578022	0.000000000008701
734	1.174335235578022	0.000000000008701
735	1.174335235578022	0.000000000008701
736	1.174335235578022	0.000000000008701
737	1.174335235578022	0.000000000008701
738	1.174335235578022	0.000000000008701
739	1.174335235578022	0.000000000008701
740	1.174335235578022	0.000000000008701
741	1.174335235578022	0.000000000008701
742	1.174335235578022	0.000000000008701
743	1.174335235578022	0.000000000008701
744	1.174335235578022	0.000000000008701
745	1.174335235578022	0.000000000008701
746	1.174335235578022	0.000000000008701
747	1.174335235578022	0.000000000008701
748	1.174335235578022	0.000000000008701
749	1.174335235578022	0.000000000008701
750	1.174335235578022	0.000000000008701
751	1.174335235578022	0.000000000008701
752	1.174335235578022	0.000000000008701
753	1.174335235578022	0.000000000008701
754	1.174335235578022	0.000000000008701
755	1.174335235578022	0.000000000008701
756	1.174335235578022	0.000000000008701
757	1.174335235578022	0.000000000008701
758	1.174335235578022	0.000000000008701
759	1.174335235578022	0.000000000008701
760	1.174335235578022	0.000000000008701
761	1.174335235578022	0.000000000008701
762	1.174335235578022	0.000000000008701
763	1.174335235578022	0.000000000008701
764	1.174335235578022	0.000000000008701
765	1.174335235578022	0.000000000008701
766	1.174335235578022	0.000000000008701
767	1.174335235578022	0.000000000008701
768	1.174335235578022	0.000000000008701
769	1.174335235578022	0.000000000008701
770	1.174335235578022	0.000000000008701
771	1.174335235578022	0.000000000008701
772	1.174335235578022	0.000000000008701
773	1.174335235578022	0.000000000008701
774	1.174335235578022	0.000000000008701
775	1.174335235578022	0.000000000008701
776	1.174335235578022	0.000000000008701
777	1.174335235578022	0.000000000008701
778	1.174335235578022	0.000000000008701
779	1.174335235578022	0.000000000008701
780	1.174335235578022	0.000000000008701
781	1.174335235578022	0.000000000008701
782	1.174335235578022	0.000000000008701
783	1.174335235578022	0.000000000008701
784	1.174335235578022	0.000000000008701
785	1.174335235578022	0.000000000008701
786	1.174335235578022	0.000000000008701
787	1.174335235578022	0.000000000008701
788	1.174335235578022	0.000000000008701
789	1.174335235578022	0.000000000008701
790	1.174335235578022	0.000000000008701
791	1.174335235578022	0.000000000008701
792	1.174335235578022	0.000000000008701
793	1.174335235578022	0.000000000008701
794	1.174335235578022	0.000000000008701
795	1.174335235578022	0.000000000008701
796	1.174335235578022	0.000000000008701
797	1.174335235578022	0.000000000008701
798	1.174335235578022	0.000000000008701
799	1.174335235578022	0.000000000008701
