0 1.203371925513320 0.133425898960801
1 1.185255236795726 0.079609602264290
2 1.177890479095447 0.055149140504858
3 1.174273687793423 0.041029082392788
4 1.172276487287268 0.031899337364626
5 1.171079203142608 0.025583313186023
6 1.170316011794920 0.021007018147705
7 1.169805695885443 0.017574943478567
8 1.169451113383823 0.014930208646745
9 1.169196845669596 0.012846613393748
10 1.169009637491644 0.011174487134848
11 1.168868678284350 0.009811318206399
12 1.168760475698801 0.008684856049746
13 1.168676012780519 0.007742926849189
14 1.168609103096738 0.006947057531491
15 1.168555403502591 0.006268354338395
16 1.168511802415592 0.005684764644696
17 1.168476029981246 0.005179213702265
18 1.168446403399865 0.004738309683294
19 1.168421656789740 0.004351426631285
20 1.168400825261066 0.004010043954354
21 1.168383164466885 0.003707263397340
22 1.168368093863576 0.003437450876890
23 1.168355156083182 0.003195967523439
24 1.168343987446508 0.002978965337437
25 1.168334296278644 0.002783230316086
26 1.168325846799202 0.002606060764652
27 1.168318446990055 0.002445172103196
28 1.168311939401118 0.002298621710050
29 1.168306194090370 0.002164749143518
30 1.168301103175451 0.002042128232931
31 1.168296576583505 0.001929528413652
32 1.168292538702285 0.001825883328106
33 1.168288925752810 0.001730265149172
34 1.168285683673653 0.001641863501068
35 1.168282766440833 0.001559968009562
36 1.168280134708199 0.001483953828496
37 1.168277754698330 0.001413269545669
38 1.168275597309824 0.001347427049176
39 1.168273637377655 0.001285992982202
40 1.168271853064403 0.001228581520986
41 1.168270225359292 0.001174848249065
42 1.168268737661638 0.001124484914524
43 1.168267375430691 0.001077214970610
44 1.168266125892537 0.001032789728033
45 1.168264977799268 0.000990985052951
46 1.168263921214993 0.000951598504002
47 1.168262947346296 0.000914446859643
48 1.168262048386494 0.000879363968670
49 1.168261217396699 0.000846198864359
50 1.168260448185485 0.000814814139596
51 1.168259735223359 0.000785084501048
52 1.168259073565155 0.000756895502826
53 1.168258458770546 0.000730142449592
54 1.168257886848716 0.000704729408325
55 1.168257354210320 0.000680568337625
56 1.168256857616152 0.000657578327478
57 1.168256394139790 0.000635684911679
58 1.168255961132614 0.000614819465357
59 1.168255556193559 0.000594918656980
60 1.168255177145681 0.000575923964907
61 1.168254822007488 0.000557781253452
62 1.168254488973705 0.000540440377591
63 1.168254176403358 0.000523854829690
64 1.168253882790666 0.000507981440387
65 1.168253606765813 0.000492780083169
66 1.168253347074139 0.000478213420203
67 1.168253102560762 0.000464246683818
68 1.168252872170208 0.000450847456258
69 1.168252654932374 0.000437985483495
70 1.168252449954746 0.000425632505830
71 1.168252256413757 0.000413762101390
72 1.168252073554459 0.000402349545337
73 1.168251900676361 0.000391371677651
74 1.168251737134120 0.000380806788008
75 1.168251582330073 0.000370634508818
76 1.168251435711576 0.000360835715788
77 1.168251296768559 0.000351392432802
78 1.168251165024790 0.000342287762385
79 1.168251040041318 0.000333505792440
80 1.168250921408340 0.000325031543765
81 1.168250808744916 0.000316850895854
82 1.168250701699392 0.000308950530553
83 1.168250599941334 0.000301317875782
84 1.168250503164336 0.000293941062437
85 1.168250411082280 0.000286808869531
86 1.168250323426868 0.000279910690038
87 1.168250239949644 0.000273236481722
88 1.168250160417982 0.000266776739833
89 1.168250084612195 0.000260522461469
90 1.168250012329060 0.000254465108162
91 1.168249943380901 0.000248596579706
92 1.168249877581967 0.000242909201012
93 1.168249814768963 0.000237395667979
94 1.168249754783191 0.000232049051814
95 1.168249697475980 0.000226862765561
96 1.168249642709711 0.000221830538015
97 1.168249590353004 0.000216946411674
98 1.168249540283055 0.000212204708487
99 1.168249492383957 0.000207600023484
100 1.168249446546652 0.000203127204956
101 1.168249402668500 0.000198781342485
102 1.168249360652464 0.000194557751746
103 1.168249320408555 0.000190451962828
104 1.168249281850407 0.000186459709612
105 1.168249244895340 0.000182576917966
106 1.168249209467704 0.000178799695499
107 1.168249175495988 0.000175124316556
108 1.168249142909542 0.000171547228115
109 1.168249111644832 0.000168065024496
110 1.168249081638425 0.000164674449241
111 1.168249052835390 0.000161372382015
112 1.168249025178857 0.000158155835911
113 1.168248998616569 0.000155021951705
114 1.168248973099464 0.000151967984545
115 1.168248948581474 0.000148991304465
116 1.168248925016034 0.000146089393589
117 1.168248902362990 0.000143259827664
118 1.168248880581251 0.000140500286301
119 1.168248859632989 0.000137808539235
120 1.168248839481933 0.000135182443760
121 1.168248820092911 0.000132619944597
122 1.168248801435901 0.000130119061603
123 1.168248783476138 0.000127677895826
124 1.168248766187686 0.000125294616911
125 1.168248749538708 0.000122967468861
126 1.168248733505348 0.000120694757322
127 1.168248718060539 0.000118474854075
128 1.168248703179820 0.000116306191267
129 1.168248688841379 0.000114187257638
130 1.168248675022380 0.000112116598548
131 1.168248661700182 0.000110092811610
132 1.168248648855775 0.000108114545187
133 1.168248636471806 0.000106180494741
134 1.168248624527631 0.000104289404565
135 1.168248613005758 0.000102440063136
136 1.168248601891184 0.000100631299385
137 1.168248591166484 0.000098861982349
138 1.168248580817484 0.000097131023169
139 1.168248570827364 0.000095437369987
140 1.168248561184019 0.000093780004838
141 1.168248551874130 0.000092157944536
142 1.168248542884932 0.000090570238894
143 1.168248534203022 0.000089015973315
144 1.168248525818424 0.000087494255182
145 1.168248517718047 0.000086004231632
146 1.168248509891949 0.000084545069576
147 1.168248502330953 0.000083115965335
148 1.168248495024840 0.000081716141816
149 1.168248487961398 0.000080344849066
150 1.168248481135633 0.000079001355864
151 1.168248474536595 0.000077684957537
152 1.168248468155735 0.000076394972664
153 1.168248461987082 0.000075130735534
154 1.168248456020393 0.000073891609408
155 1.168248450249904 0.000072676970012
156 1.168248444669516 0.000071486213289
157 1.168248439269086 0.000070318761173
158 1.168248434045519 0.000069174040296
159 1.168248428990643 0.000068051505757
160 1.168248424099300 0.000066950622484
161 1.168248419365643 0.000065870873532
162 1.168248414784492 0.000064811756345
163 1.168248410349451 0.000063772786651
164 1.168248406056718 0.000062753487906
165 1.168248401899260 0.000061753403543
166 1.168248397874559 0.000060772086222
167 1.168248393978740 0.000059809101207
168 1.168248390203693 0.000058864031923
169 1.168248386547750 0.000057936467095
170 1.168248383007565 0.000057026006653
171 1.168248379578469 0.000056132267772
172 1.168248376254977 0.000055254874313
173 1.168248373035800 0.000054393459682
174 1.168248369917225 0.000053547668906
175 1.168248366894363 0.000052717159291
176 1.168248363965485 0.000051901590761
177 1.168248361127348 0.000051100638166
178 1.168248358376038 0.000050313983995
179 1.168248355708914 0.000049541317927
180 1.168248353124153 0.000048782338354
181 1.168248350617595 0.000048036752663
182 1.168248348187762 0.000047304274711
183 1.168248345831900 0.000046584624927
184 1.168248343546827 0.000045877535371
185 1.168248341333158 0.000045182736982
186 1.168248339184406 0.000044499978339
187 1.168248337100186 0.000043829007452
188 1.168248335078758 0.000043169576698
189 1.168248333119430 0.000042521449835
190 1.168248331216932 0.000041884396879
191 1.168248329372894 0.000041258188538
192 1.168248327584427 0.000040642604594
193 1.168248325848460 0.000040037432621
194 1.168248324162410 0.000039442462954
195 1.168248322528360 0.000038857485927
196 1.168248320941615 0.000038282306994
197 1.168248319401394 0.000037716728645
198 1.168248317907956 0.000037160561937
199 1.168248316458237 0.000036613620399
200 1.168248315051502 0.000036075724255
201 1.168248313684733 0.000035546697439
202 1.168248312358650 0.000035026364440
203 1.168248311071597 0.000034514557986
204 1.168248309821860 0.000034011116059
205 1.168248308608899 0.000033515873439
206 1.168248307430509 0.000033028677755
207 1.168248306287732 0.000032549371697
208 1.168248305176954 0.000032077808288
209 1.168248304097463 0.000031613842119
210 1.168248303051247 0.000031157325217
211 1.168248302033605 0.000030708122850
212 1.168248301045838 0.000030266095659
213 1.168248300087038 0.000029831112009
214 1.168248299155648 0.000029403039291
215 1.168248298250567 0.000028981750733
216 1.168248297371652 0.000028567122491
217 1.168248296516804 0.000028159032090
218 1.168248295688334 0.000027757358465
219 1.168248294882837 0.000027361986766
220 1.168248294099504 0.000026972803258
221 1.168248293339618 0.000026589692911
222 1.168248292599762 0.000026212551363
223 1.168248291882909 0.000025841267267
224 1.168248291184735 0.000025475739188
225 1.168248290507571 0.000025115861385
226 1.168248289848392 0.000024761536995
227 1.168248289208813 0.000024412665024
228 1.168248288585955 0.000024069152388
229 1.168248287981512 0.000023730902227
230 1.168248287395703 0.000023397822523
231 1.168248286824675 0.000023069824444
232 1.168248286268993 0.000022746820894
233 1.168248285730845 0.000022428721404
234 1.168248285204984 0.000022115447132
235 1.168248284696238 0.000021806907662
236 1.168248284201956 0.000021503027066
237 1.168248283719868 0.000021203725054
238 1.168248283250968 0.000020908922534
239 1.168248282797484 0.000020618542220
240 1.168248282354581 0.000020332511546
241 1.168248281924807 0.000020050753885
242 1.168248281506653 0.000019773200401
243 1.168248281101371 0.000019499776965
244 1.168248280705776 0.000019230419107
245 1.168248280322083 0.000018965055379
246 1.168248279948368 0.000018703621428
247 1.168248279584406 0.000018446051020
248 1.168248279231984 0.000018192278434
249 1.168248278888874 0.000017942242594
250 1.168248278554800 0.000017695883776
251 1.168248278230587 0.000017453139864
252 1.168248277913997 0.000017213951657
253 1.168248277607864 0.000016978260509
254 1.168248277309992 0.000016746009730
255 1.168248277019358 0.000016517145598
256 1.168248276737734 0.000016291611969
257 1.168248276462977 0.000016069353644
258 1.168248276195658 0.000015850320143
259 1.168248275935386 0.000015634459751
260 1.168248275682760 0.000015421717982
261 1.168248275437929 0.000015212048291
262 1.168248275198542 0.000015005402602
263 1.168248274965921 0.000014801728967
264 1.168248274740592 0.000014600982850
265 1.168248274520445 0.000014403118608
266 1.168248274306692 0.000014208089366
267 1.168248274097544 0.000014015851303
268 1.168248273896512 0.000013826357396
269 1.168248273698869 0.000013639571345
270 1.168248273507888 0.000013455443730
271 1.168248273320848 0.000013273937878
272 1.168248273140338 0.000013095009641
273 1.168248272964042 0.000012918621511
274 1.168248272792747 0.000012744732763
275 1.168248272625632 0.000012573304941
276 1.168248272463940 0.000012404301221
277 1.168248272306798 0.000012237681346
278 1.168248272152525 0.000012073412346
279 1.168248272003491 0.000011911456957
280 1.168248271857907 0.000011751779107
281 1.168248271716588 0.000011594343318
282 1.168248271579119 0.000011439116658
283 1.168248271445214 0.000011286065830
284 1.168248271314416 0.000011135158545
285 1.168248271187724 0.000010986358886
286 1.168248271065728 0.000010839637715
287 1.168248270944919 0.000010694964438
288 1.168248270828289 0.000010552305453
289 1.168248270714828 0.000010411632346
290 1.168248270603948 0.000010272916559
291 1.168248270496218 0.000010136126405
292 1.168248270392249 0.000010001232945
293 1.168248270290915 0.000009868209257
294 1.168248270191230 0.000009737027588
295 1.168248270095916 0.000009607659015
296 1.168248270000862 0.000009480079775
297 1.168248269909588 0.000009354260615
298 1.168248269821329 0.000009230175275
299 1.168248269735358 0.000009107799266
300 1.168248269650706 0.000008987108804
301 1.168248269569089 0.000008868076564
302 1.168248269490813 0.000008750677865
303 1.168248269412739 0.000008634892689
304 1.168248269336793 0.000008520694672
305 1.168248269263321 0.000008408059770
306 1.168248269191805 0.000008296966616
307 1.168248269122795 0.000008187392145
308 1.168248269055452 0.000008079314338
309 1.168248268988801 0.000007972713148
310 1.168248268926993 0.000007867562058
311 1.168248268862902 0.000007763848060
312 1.168248268803282 0.000007661542977
313 1.168248268743542 0.000007560631661
314 1.168248268686571 0.000007461090721
315 1.168248268630647 0.000007362901908
316 1.168248268576199 0.000007266045730
317 1.168248268523170 0.000007170502552
318 1.168248268471555 0.000007076254352
319 1.168248268421249 0.000006983281542
320 1.168248268373318 0.000006891565683
321 1.168248268326567 0.000006801090179
322 1.168248268280191 0.000006711837373
323 1.168248268234499 0.000006623789821
324 1.168248268191292 0.000006536928890
325 1.168248268149184 0.000006451238850
326 1.168248268107706 0.000006366703105
327 1.168248268066828 0.000006283305566
328 1.168248268027716 0.000006201029363
329 1.168248267989894 0.000006119859182
330 1.168248267952503 0.000006039779016
331 1.168248267916671 0.000005960774405
332 1.168248267882176 0.000005882828325
333 1.168248267847523 0.000005805927592
334 1.168248267814195 0.000005730058432
335 1.168248267781469 0.000005655204145
336 1.168248267750762 0.000005581350708
337 1.168248267719203 0.000005508487146
338 1.168248267690651 0.000005436595155
339 1.168248267661863 0.000005365663272
340 1.168248267632997 0.000005295679665
341 1.168248267605381 0.000005226629558
342 1.168248267579193 0.000005158498159
343 1.168248267553101 0.000005091276757
344 1.168248267527082 0.000005024950114
345 1.168248267502944 0.000004959505952
346 1.168248267479452 0.000004894931930
347 1.168248267456590 0.000004831217431
348 1.168248267433779 0.000004768347878
349 1.168248267411136 0.000004706315913
350 1.168248267389915 0.000004645106576
351 1.168248267369014 0.000004584707243
352 1.168248267349097 0.000004525111133
353 1.168248267328576 0.000004466304368
354 1.168248267310437 0.000004408275603
355 1.168248267291039 0.000004351016516
356 1.168248267273259 0.000004294514001
357 1.168248267255259 0.000004238760825
358 1.168248267237840 0.000004183744318
359 1.168248267221625 0.000004129452720
360 1.168248267205188 0.000004075880392
361 1.168248267188860 0.000004023015697
362 1.168248267173423 0.000003970846890
363 1.168248267159442 0.000003919366412
364 1.168248267143935 0.000003868566772
365 1.168248267129303 0.000003818435772
366 1.168248267116064 0.000003768964723
367 1.168248267103414 0.000003720143938
368 1.168248267089773 0.000003671968441
369 1.168248267076451 0.000003624425690
370 1.168248267065639 0.000003577507410
371 1.168248267052473 0.000003531207839
372 1.168248267041311 0.000003485514910
373 1.168248267028823 0.000003440424534
374 1.168248267018972 0.000003395923183
375 1.168248267007496 0.000003352007821
376 1.168248266997037 0.000003308668824
377 1.168248266986602 0.000003265898157
378 1.168248266977465 0.000003223687049
379 1.168248266968099 0.000003182030691
380 1.168248266958430 0.000003140919634
381 1.168248266948241 0.000003100348240
382 1.168248266940663 0.000003060304928
383 1.168248266931836 0.000003020788480
384 1.168248266923552 0.000002981788709
385 1.168248266915196 0.000002943298562
386 1.168248266907352 0.000002905311606
387 1.168248266900367 0.000002867820343
388 1.168248266892144 0.000002830820914
389 1.168248266884101 0.000002794304115
390 1.168248266878953 0.000002758262350
391 1.168248266870850 0.000002722693554
392 1.168248266863454 0.000002687588565
393 1.168248266857500 0.000002652941708
394 1.168248266851574 0.000002618745356
395 1.168248266845534 0.000002584995935
396 1.168248266839272 0.000002551686094
397 1.168248266832725 0.000002518810847
398 1.168248266828634 0.000002486361570
399 1.168248266823415 0.000002454337084
400 1.168248266817291 0.000002422729602
401 1.168248266812236 0.000002391532697
402 1.168248266806414 0.000002360743885
403 1.168248266801543 0.000002330353563
404 1.168248266797150 0.000002300357810
405 1.168248266792490 0.000002270752698
406 1.168248266787279 0.000002241534096
407 1.168248266784059 0.000002212692721
408 1.168248266780142 0.000002184226825
409 1.168248266775410 0.000002156132409
410 1.168248266771029 0.000002128401604
411 1.168248266768003 0.000002101029929
412 1.168248266763922 0.000002074014677
413 1.168248266760081 0.000002047349611
414 1.168248266756159 0.000002021031104
415 1.168248266753544 0.000001995052543
416 1.168248266750166 0.000001969411311
417 1.168248266746926 0.000001944102657
418 1.168248266743012 0.000001919123674
419 1.168248266740819 0.000001894465537
420 1.168248266736715 0.000001870130378
421 1.168248266734623 0.000001846106899
422 1.168248266731479 0.000001822396372
423 1.168248266729086 0.000001798991782
424 1.168248266726047 0.000001775891682
425 1.168248266723775 0.000001753089902
426 1.168248266721315 0.000001730582462
427 1.168248266718875 0.000001708367329
428 1.168248266715973 0.000001686439486
429 1.168248266714366 0.000001664793402
430 1.168248266711997 0.000001643429345
431 1.168248266710347 0.000001622340003
432 1.168248266707587 0.000001601524245
433 1.168248266705830 0.000001580976752
434 1.168248266703560 0.000001560695047
435 1.168248266701363 0.000001540676608
436 1.168248266700283 0.000001520914540
437 1.168248266698045 0.000001501408885
438 1.168248266697192 0.000001482153662
439 1.168248266694730 0.000001463149409
440 1.168248266692948 0.000001444389146
441 1.168248266691529 0.000001425870833
442 1.168248266690548 0.000001407591278
443 1.168248266688533 0.000001389548254
444 1.168248266687213 0.000001371736639
445 1.168248266685715 0.000001354156304
446 1.168248266684179 0.000001336802477
447 1.168248266682644 0.000001319672384
448 1.168248266681953 0.000001302761612
449 1.168248266680793 0.000001286069525
450 1.168248266679845 0.000001269593197
451 1.168248266678962 0.000001253328139
452 1.168248266677635 0.000001237273595
453 1.168248266676033 0.000001221426111
454 1.168248266674233 0.000001205781577
455 1.168248266675050 0.000001190337899
456 1.168248266673403 0.000001175095399
457 1.168248266672398 0.000001160047908
458 1.168248266672180 0.000001145193378
459 1.168248266670138 0.000001130531013
460 1.168248266669623 0.000001116057782
461 1.168248266667927 0.000001101771134
462 1.168248266667884 0.000001087665586
463 1.168248266666817 0.000001073744061
464 1.168248266666770 0.000001059999430
465 1.168248266665258 0.000001046432913
466 1.168248266664169 0.000001033042548
467 1.168248266663231 0.000001019822761
468 1.168248266663871 0.000001006770723
469 1.168248266663095 0.000000993888886
470 1.168248266663345 0.000000981171803
471 1.168248266661676 0.000000968619379
472 1.168248266661306 0.000000956226182
473 1.168248266660456 0.000000943994285
474 1.168248266659460 0.000000931919031
475 1.168248266658666 0.000000919998762
476 1.168248266659921 0.000000908229308
477 1.168248266658487 0.000000896614208
478 1.168248266657713 0.000000885147797
479 1.168248266656928 0.000000873828903
480 1.168248266657266 0.000000862653448
481 1.168248266655829 0.000000851622661
482 1.168248266657266 0.000000840731169
483 1.168248266655326 0.000000829984298
484 1.168248266655834 0.000000819371224
485 1.168248266655081 0.000000808895712
486 1.168248266654421 0.000000798555524
487 1.168248266654140 0.000000788346578
488 1.168248266655222 0.000000778267313
489 1.168248266653882 0.000000768319826
490 1.168248266653575 0.000000758499580
491 1.168248266653702 0.000000748804483
492 1.168248266653393 0.000000739234315
493 1.168248266652465 0.000000729787323
494 1.168248266652669 0.000000720461052
495 1.168248266651515 0.000000711255121
496 1.168248266651967 0.000000702164114
497 1.168248266651869 0.000000693192937
498 1.168248266651200 0.000000684335689
499 1.168248266652268 0.000000675591311
500 1.168248266651145 0.000000666959531
501 1.168248266651779 0.000000658437837
502 1.168248266650646 0.000000650027692
503 1.168248266650885 0.000000641722555
504 1.168248266650364 0.000000633525427
505 1.168248266650386 0.000000625432456
506 1.168248266649939 0.000000617443008
507 1.168248266650379 0.000000609556606
508 1.168248266649160 0.000000601771941
509 1.168248266650028 0.000000594084316
510 1.168248266649455 0.000000586496750
511 1.168248266650219 0.000000579006357
512 1.168248266649886 0.000000571611843
513 1.168248266649503 0.000000564312804
514 1.168248266650002 0.000000557105751
515 1.168248266648801 0.000000549992487
516 1.168248266649198 0.000000542968618
517 1.168248266649152 0.000000536036216
518 1.168248266648261 0.000000529192293
519 1.168248266648822 0.000000522435227
520 1.168248266649446 0.000000515764240
521 1.168248266649035 0.000000509178865
522 1.168248266649356 0.000000502678758
523 1.168248266648884 0.000000496261064
524 1.168248266648536 0.000000489926439
525 1.168248266648937 0.000000483671179
526 1.168248266648172 0.000000477498057
527 1.168248266648600 0.000000471402073
528 1.168248266648992 0.000000465384116
529 1.168248266648120 0.000000459445492
530 1.168248266647909 0.000000453581433
531 1.168248266648500 0.000000447791053
532 1.168248266648992 0.000000442075351
533 1.168248266647348 0.000000436434129
534 1.168248266648378 0.000000430863132
535 1.168248266648724 0.000000425364102
536 1.168248266648727 0.000000419935193
537 1.168248266648307 0.000000414577815
538 1.168248266648849 0.000000409286069
539 1.168248266649124 0.000000404062563
540 1.168248266649012 0.000000398907142
541 1.168248266648150 0.000000393817287
542 1.168248266648735 0.000000388791686
543 1.168248266648350 0.000000383831277
544 1.168248266648217 0.000000378933746
545 1.168248266648652 0.000000374098411
546 1.168248266648948 0.000000369325379
547 1.168248266648590 0.000000364613036
548 1.168248266648164 0.000000359961403
549 1.168248266648789 0.000000355367767
550 1.168248266648487 0.000000350835486
551 1.168248266648812 0.000000346358858
552 1.168248266649945 0.000000341939564
553 1.168248266648664 0.000000337579239
554 1.168248266649229 0.000000333271234
555 1.168248266648557 0.000000329019745
556 1.168248266648729 0.000000324823318
557 1.168248266649149 0.000000320680048
558 1.168248266649261 0.000000316589366
559 1.168248266648771 0.000000312551154
560 1.168248266648825 0.000000308565009
561 1.168248266648259 0.000000304628899
562 1.168248266648648 0.000000300743080
563 1.168248266649466 0.000000296907183
564 1.168248266649013 0.000000293120876
565 1.168248266649073 0.000000289381710
566 1.168248266648896 0.000000285691717
567 1.168248266649462 0.000000282047546
568 1.168248266649548 0.000000278450364
569 1.168248266648985 0.000000274899555
570 1.168248266649694 0.000000271393519
571 1.168248266648657 0.000000267933488
572 1.168248266650137 0.000000264514656
573 1.168248266649839 0.000000261140958
574 1.168248266649500 0.000000257812322
575 1.168248266648824 0.000000254525054
576 1.168248266649373 0.000000251279375
577 1.168248266649210 0.000000248074950
578 1.168248266649788 0.000000244910966
579 1.168248266650358 0.000000241787155
580 1.168248266649429 0.000000238705547
581 1.168248266649758 0.000000235662317
582 1.168248266649613 0.000000232656926
583 1.168248266649590 0.000000229690431
584 1.168248266649500 0.000000226761621
585 1.168248266650084 0.000000223870454
586 1.168248266650121 0.000000221016278
587 1.168248266650771 0.000000218197281
588 1.168248266650220 0.000000215416207
589 1.168248266649474 0.000000212670300
590 1.168248266650406 0.000000209958164
591 1.168248266650618 0.000000207280438
592 1.168248266650353 0.000000204639277
593 1.168248266650484 0.000000202029975
594 1.168248266650208 0.000000199454529
595 1.168248266649521 0.000000196912992
596 1.168248266650912 0.000000194400842
597 1.168248266651424 0.000000191922400
598 1.168248266650689 0.000000189476021
599 1.168248266651278 0.000000187060532
600 1.168248266651024 0.000000184675721
601 1.168248266650789 0.000000182322523
602 1.168248266650533 0.000000179998477
603 1.168248266650816 0.000000177703960
604 1.168248266650679 0.000000175439179
605 1.168248266650347 0.000000173202401
606 1.168248266651494 0.000000170993984
607 1.168248266651108 0.000000168813947
608 1.168248266651713 0.000000166662882
609 1.168248266652034 0.000000164538638
610 1.168248266651645 0.000000162440497
611 1.168248266649802 0.000000160372429
612 1.168248266650195 0.000000158327843
613 1.168248266650947 0.000000156308521
614 1.168248266651434 0.000000154315735
615 1.168248266651287 0.000000152349742
616 1.168248266650883 0.000000150408493
617 1.168248266650882 0.000000148491777
618 1.168248266651992 0.000000146597263
619 1.168248266651171 0.000000144730586
620 1.168248266651460 0.000000142885140
621 1.168248266650595 0.000000141065623
622 1.168248266652041 0.000000139266273
623 1.168248266650936 0.000000137492665
624 1.168248266652639 0.000000135739057
625 1.168248266651695 0.000000134009313
626 1.168248266651091 0.000000132302104
627 1.168248266652164 0.000000130615083
628 1.168248266651595 0.000000128951793
629 1.168248266652198 0.000000127307856
630 1.168248266652415 0.000000125685356
631 1.168248266651939 0.000000124083372
632 1.168248266651431 0.000000122502902
633 1.168248266652266 0.000000120941539
634 1.168248266652477 0.000000119399835
635 1.168248266652127 0.000000117878551
636 1.168248266651854 0.000000116376851
637 1.168248266651858 0.000000114894184
638 1.168248266652087 0.000000113429417
639 1.168248266651547 0.000000111984541
640 1.168248266652281 0.000000110556957
641 1.168248266653497 0.000000109147235
642 1.168248266651943 0.000000107757409
643 1.168248266652612 0.000000106384302
644 1.168248266652311 0.000000105028408
645 1.168248266652234 0.000000103690701
646 1.168248266652703 0.000000102369307
647 1.168248266652332 0.000000101064971
648 1.168248266652711 0.000000099777293
649 1.168248266653346 0.000000098505189
650 1.168248266651681 0.000000097251201
651 1.168248266652288 0.000000096012064
652 1.168248266652115 0.000000094789465
653 1.168248266653103 0.000000093579802
654 1.168248266652612 0.000000092388911
655 1.168248266652960 0.000000091211038
656 1.168248266652740 0.000000090049479
657 1.168248266653045 0.000000088901781
658 1.168248266653122 0.000000087768580
659 1.168248266652750 0.000000086650550
660 1.168248266652671 0.000000085547890
661 1.168248266652508 0.000000084457449
662 1.168248266652027 0.000000083381620
663 1.168248266653281 0.000000082318712
664 1.168248266652666 0.000000081270318
665 1.168248266653639 0.000000080233964
666 1.168248266653607 0.000000079211860
667 1.168248266652828 0.000000078203762
668 1.168248266653156 0.000000077206204
669 1.168248266653372 0.000000076223901
670 1.168248266653567 0.000000075251930
671 1.168248266652822 0.000000074294507
672 1.168248266653179 0.000000073347927
673 1.168248266652994 0.000000072412805
674 1.168248266653573 0.000000071489734
675 1.168248266653528 0.000000070579124
676 1.168248266654055 0.000000069679263
677 1.168248266653427 0.000000068793157
678 1.168248266653484 0.000000067916612
679 1.168248266653538 0.000000067050131
680 1.168248266654427 0.000000066195874
681 1.168248266652417 0.000000065354512
682 1.168248266653131 0.000000064520810
683 1.168248266653112 0.000000063699613
684 1.168248266653241 0.000000062888478
685 1.168248266653393 0.000000062086710
686 1.168248266653652 0.000000061295923
687 1.168248266653742 0.000000060515169
688 1.168248266653561 0.000000059744392
689 1.168248266653050 0.000000058984329
690 1.168248266654522 0.000000058230895
691 1.168248266653723 0.000000057490203
692 1.168248266652679 0.000000056758845
693 1.168248266653240 0.000000056036074
694 1.168248266654199 0.000000055321205
695 1.168248266653971 0.000000054616025
696 1.168248266653734 0.000000053921738
697 1.168248266654272 0.000000053234313
698 1.168248266653430 0.000000052557050
699 1.168248266653472 0.000000051887311
700 1.168248266653376 0.000000051226724
701 1.168248266654270 0.000000050573152
702 1.168248266653403 0.000000049930450
703 1.168248266654278 0.000000049292883
704 1.168248266654403 0.000000048665367
705 1.168248266653765 0.000000048045818
706 1.168248266653819 0.000000047433858
707 1.168248266653134 0.000000046830618
708 1.168248266654467 0.000000046232805
709 1.168248266654758 0.000000045644134
710 1.168248266654518 0.000000045062509
711 1.168248266653946 0.000000044489253
712 1.168248266653970 0.000000043922205
713 1.168248266654977 0.000000043362153
714 1.168248266653880 0.000000042811128
715 1.168248266654586 0.000000042265376
716 1.168248266654349 0.000000041727700
717 1.168248266654132 0.000000041195596
718 1.168248266653919 0.000000040671210
719 1.168248266654005 0.000000040153873
720 1.168248266654046 0.000000039642246
721 1.168248266653197 0.000000039138061
722 1.168248266654427 0.000000038639101
723 1.168248266654605 0.000000038146785
724 1.168248266654238 0.000000037660992
725 1.168248266654431 0.000000037180890
726 1.168248266654476 0.000000036707799
727 1.168248266655070 0.000000036240060
728 1.168248266654031 0.000000035778926
729 1.168248266655039 0.000000035322503
730 1.168248266653787 0.000000034874287
731 1.168248266654582 0.000000034429197
732 1.168248266654262 0.000000033990728
733 1.168248266654396 0.000000033558254
734 1.168248266654564 0.000000033130351
735 1.168248266654469 0.000000032708558
736 1.168248266654710 0.000000032292553
737 1.168248266654472 0.000000031881637
738 1.168248266654531 0.000000031475037
739 1.168248266654735 0.000000031074214
740 1.168248266654151 0.000000030679098
741 1.168248266654134 0.000000030288260
742 1.168248266654972 0.000000029902527
743 1.168248266654660 0.000000029521966
744 1.168248266654602 0.000000029146421
745 1.168248266653629 0.000000028775607
746 1.168248266654482 0.000000028407701
747 1.168248266654964 0.000000028046840
748 1.168248266653830 0.000000027689930
749 1.168248266654491 0.000000027337752
750 1.168248266654966 0.000000026988773
751 1.168248266655047 0.000000026644904
752 1.168248266654888 0.000000026305072
753 1.168248266654800 0.000000025971748
754 1.168248266654343 0.000000025641536
755 1.168248266654979 0.000000025313513
756 1.168248266654496 0.000000024992246
757 1.168248266654259 0.000000024674958
758 1.168248266654773 0.000000024359156
759 1.168248266654182 0.000000024051102
760 1.168248266654597 0.000000023743269
761 1.168248266655030 0.000000023440645
762 1.168248266654082 0.000000023143569
763 1.168248266655070 0.000000022848756
764 1.168248266654220 0.000000022557486
765 1.168248266654577 0.000000022270319
766 1.168248266655250 0.000000021986884
767 1.168248266655796 0.000000021705278
768 1.168248266655036 0.000000021430573
769 1.168248266655201 0.000000021157748
770 1.168248266655169 0.000000020888337
771 1.168248266655652 0.000000020621683
772 1.168248266655096 0.000000020359919
773 1.168248266654797 0.000000020100710
774 1.168248266654480 0.000000019845363
775 1.168248266654603 0.000000019592550
776 1.168248266655242 0.000000019343050
777 1.168248266653849 0.000000019097622
778 1.168248266655317 0.000000018853608
779 1.168248266654318 0.000000018614558
780 1.168248266654432 0.000000018377233
781 1.168248266654751 0.000000018142979
782 1.168248266655182 0.000000017912168
783 1.168248266655505 0.000000017683506
784 1.168248266654583 0.000000017459329
785 1.168248266655188 0.000000017236874
786 1.168248266654298 0.000000017018873
787 1.168248266655557 0.000000016800503
788 1.168248266655300 0.000000016586828
789 1.168248266654861 0.000000016376402
790 1.168248266654988 0.000000016167652
791 1.168248266654549 0.000000015962612
792 1.168248266654566 0.000000015759813
793 1.168248266654552 0.000000015558849
794 1.168248266655057 0.000000015360348
795 1.168248266655482 0.000000015164606
796 1.168248266654503 0.000000014972565
797 1.168248266654083 0.000000014781904
798 1.168248266655065 0.000000014593456
799 1.168248266654426 0.000000014408260
800 1.168248266654577 0.000000014224912
801 1.168248266654278 0.000000014044219
802 1.168248266654156 0.000000013865262
803 1.168248266655204 0.000000013688527
804 1.168248266655361 0.000000013513629
805 1.168248266654560 0.000000013342655
806 1.168248266654973 0.000000013172404
807 1.168248266654960 0.000000013005426
808 1.168248266653933 0.000000012840307
809 1.168248266655252 0.000000012676111
810 1.168248266655311 0.000000012514984
811 1.168248266654544 0.000000012356758
812 1.168248266655159 0.000000012198375
813 1.168248266655114 0.000000012043333
814 1.168248266655608 0.000000011889911
815 1.168248266655420 0.000000011738709
816 1.168248266655152 0.000000011588742
817 1.168248266654833 0.000000011442739
818 1.168248266655980 0.000000011295551
819 1.168248266654917 0.000000011153058
820 1.168248266654463 0.000000011011450
821 1.168248266655474 0.000000010870188
822 1.168248266654951 0.000000010733474
823 1.168248266655234 0.000000010595765
824 1.168248266654975 0.000000010461685
825 1.168248266654691 0.000000010328648
826 1.168248266655337 0.000000010197421
827 1.168248266654380 0.000000010068063
828 1.168248266654873 0.000000009938848
829 1.168248266654778 0.000000009813578
830 1.168248266654967 0.000000009689065
831 1.168248266655379 0.000000009565198
832 1.168248266655118 0.000000009443195
833 1.168248266655383 0.000000009323697
834 1.168248266655808 0.000000009204205
835 1.168248266655515 0.000000009086999
836 1.168248266654913 0.000000008971868
837 1.168248266654763 0.000000008859027
838 1.168248266655054 0.000000008745161
839 1.168248266655251 0.000000008634580
840 1.168248266654436 0.000000008525102
841 1.168248266655081 0.000000008415577
842 1.168248266654632 0.000000008310281
843 1.168248266654475 0.000000008204408
844 1.168248266655171 0.000000008099161
845 1.168248266655003 0.000000007996341
846 1.168248266655098 0.000000007894646
847 1.168248266655274 0.000000007794315
848 1.168248266655718 0.000000007695091
849 1.168248266654327 0.000000007597973
850 1.168248266655369 0.000000007500951
851 1.168248266655576 0.000000007405498
852 1.168248266655567 0.000000007311382
853 1.168248266654803 0.000000007218283
854 1.168248266655083 0.000000007126700
855 1.168248266654984 0.000000007036526
856 1.168248266655190 0.000000006946773
857 1.168248266655619 0.000000006857888
858 1.168248266655775 0.000000006770892
859 1.168248266655571 0.000000006684472
860 1.168248266654863 0.000000006600396
861 1.168248266655449 0.000000006516665
862 1.168248266655072 0.000000006433827
863 1.168248266656225 0.000000006350788
864 1.168248266654941 0.000000006271851
865 1.168248266655037 0.000000006191978
866 1.168248266654411 0.000000006113424
867 1.168248266654354 0.000000006036710
868 1.168248266655207 0.000000005958914
869 1.168248266655161 0.000000005883596
870 1.168248266655203 0.000000005808083
871 1.168248266654693 0.000000005735424
872 1.168248266655216 0.000000005661579
873 1.168248266655407 0.000000005589801
874 1.168248266655668 0.000000005518226
875 1.168248266655970 0.000000005447995
876 1.168248266654973 0.000000005379770
877 1.168248266655214 0.000000005311214
878 1.168248266654525 0.000000005244086
879 1.168248266655492 0.000000005177462
880 1.168248266655386 0.000000005111561
881 1.168248266655172 0.000000005046186
882 1.168248266655592 0.000000004981831
883 1.168248266655337 0.000000004919623
884 1.168248266655624 0.000000004856776
885 1.168248266655588 0.000000004793916
886 1.168248266655518 0.000000004734549
887 1.168248266655703 0.000000004673110
888 1.168248266655732 0.000000004614900
889 1.168248266655499 0.000000004556111
890 1.168248266655615 0.000000004498247
891 1.168248266654936 0.000000004441969
892 1.168248266656269 0.000000004384069
893 1.168248266655538 0.000000004329516
894 1.168248266654854 0.000000004274529
895 1.168248266654977 0.000000004220600
896 1.168248266655502 0.000000004166471
897 1.168248266655546 0.000000004113011
898 1.168248266655455 0.000000004061760
899 1.168248266655077 0.000000004010307
900 1.168248266655444 0.000000003959842
901 1.168248266654493 0.000000003909490
902 1.168248266655444 0.000000003859628
903 1.168248266655561 0.000000003810025
904 1.168248266656043 0.000000003761377
905 1.168248266654470 0.000000003715428
906 1.168248266655444 0.000000003667336
907 1.168248266654863 0.000000003621415
908 1.168248266655612 0.000000003574039
909 1.168248266655101 0.000000003530465
910 1.168248266655669 0.000000003484677
911 1.168248266655678 0.000000003440235
912 1.168248266655440 0.000000003396752
913 1.168248266655432 0.000000003354066
914 1.168248266654948 0.000000003312258
915 1.168248266655612 0.000000003269695
916 1.168248266656054 0.000000003227701
917 1.168248266654037 0.000000003188807
918 1.168248266656119 0.000000003146456
919 1.168248266655052 0.000000003107149
920 1.168248266655154 0.000000003068181
921 1.168248266656106 0.000000003028002
922 1.168248266654618 0.000000002991115
923 1.168248266656052 0.000000002952253
924 1.168248266655388 0.000000002915340
925 1.168248266655610 0.000000002877838
926 1.168248266655324 0.000000002842751
927 1.168248266655497 0.000000002805838
928 1.168248266655887 0.000000002770107
929 1.168248266656112 0.000000002734627
930 1.168248266654967 0.000000002701549
931 1.168248266655664 0.000000002665794
932 1.168248266655381 0.000000002633268
933 1.168248266656314 0.000000002598480
934 1.168248266655573 0.000000002566107
935 1.168248266655720 0.000000002534460
936 1.168248266655430 0.000000002501843
937 1.168248266655454 0.000000002471031
938 1.168248266655055 0.000000002438807
939 1.168248266655496 0.000000002408177
940 1.168248266654705 0.000000002378359
941 1.168248266655462 0.000000002347555
942 1.168248266655458 0.000000002317889
943 1.168248266655380 0.000000002288368
944 1.168248266654418 0.000000002260721
945 1.168248266655596 0.000000002230947
946 1.168248266654802 0.000000002203371
947 1.168248266655671 0.000000002174775
948 1.168248266655106 0.000000002147983
949 1.168248266655754 0.000000002120728
950 1.168248266655325 0.000000002094139
951 1.168248266655135 0.000000002066956
952 1.168248266655404 0.000000002041738
953 1.168248266655545 0.000000002015125
954 1.168248266655314 0.000000001989707
955 1.168248266655320 0.000000001964318
956 1.168248266655264 0.000000001940444
957 1.168248266655890 0.000000001915203
958 1.168248266656082 0.000000001891044
959 1.168248266655191 0.000000001867881
960 1.168248266655417 0.000000001844042
961 1.168248266655949 0.000000001819975
962 1.168248266655509 0.000000001797463
963 1.168248266655434 0.000000001775310
964 1.168248266655167 0.000000001753358
965 1.168248266655397 0.000000001730478
966 1.168248266655380 0.000000001708495
967 1.168248266655600 0.000000001686812
968 1.168248266655552 0.000000001665179
969 1.168248266655894 0.000000001644630
970 1.168248266655711 0.000000001623982
971 1.168248266655459 0.000000001603834
972 1.168248266656048 0.000000001582446
973 1.168248266655160 0.000000001563567
974 1.168248266656047 0.000000001543050
975 1.168248266655359 0.000000001524928
976 1.168248266655302 0.000000001504925
977 1.168248266655562 0.000000001485501
978 1.168248266655746 0.000000001467436
979 1.168248266655051 0.000000001449564
980 1.168248266655805 0.000000001429602
981 1.168248266655846 0.000000001411891
982 1.168248266655678 0.000000001394750
983 1.168248266654731 0.000000001378080
984 1.168248266655708 0.000000001360088
985 1.168248266655644 0.000000001342897
986 1.168248266655968 0.000000001325409
987 1.168248266655884 0.000000001309466
988 1.168248266654648 0.000000001293700
989 1.168248266655751 0.000000001275903
990 1.168248266655256 0.000000001260099
991 1.168248266654323 0.000000001245585
992 1.168248266655985 0.000000001228875
993 1.168248266655698 0.000000001213977
994 1.168248266655016 0.000000001198368
995 1.168248266655891 0.000000001183250
996 1.168248266655951 0.000000001167869
997 1.168248266655794 0.000000001153763
998 1.168248266655375 0.000000001139941
999 1.168248266655552 0.000000001125419
1000 1.168248266655561 0.000000001110516
1001 1.168248266655695 0.000000001096595
1002 1.168248266655359 0.000000001083118
1003 1.168248266655845 0.000000001068879
1004 1.168248266655887 0.000000001055489
1005 1.168248266655155 0.000000001043256
1006 1.168248266655054 0.000000001030172
1007 1.168248266655782 0.000000001016679
1008 1.168248266655256 0.000000001004181
1009 1.168248266656112 0.000000000990551
1010 1.168248266655261 0.000000000979681
1011 1.168248266655663 0.000000000966973
1012 1.168248266655719 0.000000000954514
1013 1.168248266655826 0.000000000942694
1014 1.168248266655561 0.000000000931274
1015 1.168248266655854 0.000000000919268
1016 1.168248266656177 0.000000000907100
1017 1.168248266655476 0.000000000897209
1018 1.168248266655827 0.000000000884511
1019 1.168248266655364 0.000000000875157
1020 1.168248266656007 0.000000000862629
1021 1.168248266655303 0.000000000852822
1022 1.168248266655541 0.000000000842209
1023 1.168248266655281 0.000000000832058
1024 1.168248266655567 0.000000000821009
1025 1.168248266655543 0.000000000810868
1026 1.168248266655990 0.000000000800603
1027 1.168248266655167 0.000000000791371
1028 1.168248266656030 0.000000000779721
1029 1.168248266655886 0.000000000771143
1030 1.168248266656078 0.000000000761232
1031 1.168248266655772 0.000000000751317
1032 1.168248266655448 0.000000000743157
1033 1.168248266655382 0.000000000733400
1034 1.168248266655172 0.000000000724970
1035 1.168248266654882 0.000000000715862
1036 1.168248266655332 0.000000000706114
1037 1.168248266655620 0.000000000697681
1038 1.168248266655951 0.000000000688182
1039 1.168248266656324 0.000000000679792
1040 1.168248266655206 0.000000000672419
1041 1.168248266654568 0.000000000664486
1042 1.168248266655340 0.000000000655729
1043 1.168248266655721 0.000000000646911
1044 1.168248266655524 0.000000000639597
1045 1.168248266655177 0.000000000631889
1046 1.168248266655291 0.000000000623868
1047 1.168248266654736 0.000000000616896
1048 1.168248266655106 0.000000000608371
1049 1.168248266655565 0.000000000601207
1050 1.168248266655553 0.000000000593576
1051 1.168248266654777 0.000000000585983
1052 1.168248266654439 0.000000000580443
1053 1.168248266655733 0.000000000571537
1054 1.168248266654801 0.000000000564976
1055 1.168248266656103 0.000000000556890
1056 1.168248266656501 0.000000000549981
1057 1.168248266655139 0.000000000543738
1058 1.168248266655487 0.000000000536975
1059 1.168248266656311 0.000000000529522
1060 1.168248266655028 0.000000000524864
1061 1.168248266655778 0.000000000517574
1062 1.168248266655569 0.000000000511037
1063 1.168248266656015 0.000000000504916
1064 1.168248266655949 0.000000000498602
1065 1.168248266655736 0.000000000492185
1066 1.168248266655126 0.000000000487093
1067 1.168248266655313 0.000000000480558
1068 1.168248266655814 0.000000000474529
1069 1.168248266656462 0.000000000467455
1070 1.168248266655289 0.000000000463010
1071 1.168248266655792 0.000000000456629
1072 1.168248266655068 0.000000000452107
1073 1.168248266655478 0.000000000445811
1074 1.168248266654465 0.000000000442521
1075 1.168248266655691 0.000000000435487
1076 1.168248266655627 0.000000000429587
1077 1.168248266655250 0.000000000425062
1078 1.168248266655159 0.000000000419459
1079 1.168248266655157 0.000000000414556
1080 1.168248266655535 0.000000000408917
1081 1.168248266656578 0.000000000403367
1082 1.168248266655624 0.000000000399470
1083 1.168248266654564 0.000000000395550
1084 1.168248266655983 0.000000000389990
1085 1.168248266655026 0.000000000385578
1086 1.168248266655390 0.000000000380016
1087 1.168248266655618 0.000000000376126
1088 1.168248266655773 0.000000000371005
1089 1.168248266656352 0.000000000365901
1090 1.168248266655457 0.000000000362320
1091 1.168248266655636 0.000000000357322
1092 1.168248266655823 0.000000000352901
1093 1.168248266655591 0.000000000349021
1094 1.168248266655595 0.000000000343939
1095 1.168248266655167 0.000000000340434
1096 1.168248266656092 0.000000000336611
1097 1.168248266655781 0.000000000332117
1098 1.168248266655799 0.000000000328374
1099 1.168248266654869 0.000000000325258
1100 1.168248266655474 0.000000000320910
1101 1.168248266655302 0.000000000317223
1102 1.168248266654515 0.000000000314036
1103 1.168248266654449 0.000000000309514
1104 1.168248266655777 0.000000000305125
1105 1.168248266654946 0.000000000302679
1106 1.168248266656114 0.000000000297458
1107 1.168248266655960 0.000000000294014
1108 1.168248266656355 0.000000000290468
1109 1.168248266655227 0.000000000287064
1110 1.168248266655656 0.000000000283750
1111 1.168248266655597 0.000000000281076
1112 1.168248266655485 0.000000000277200
1113 1.168248266654591 0.000000000274614
1114 1.168248266655648 0.000000000270105
1115 1.168248266655499 0.000000000268114
1116 1.168248266655643 0.000000000263828
1117 1.168248266655420 0.000000000262123
1118 1.168248266655147 0.000000000257902
1119 1.168248266654812 0.000000000255875
1120 1.168248266655617 0.000000000252024
1121 1.168248266655199 0.000000000249492
1122 1.168248266654629 0.000000000247067
1123 1.168248266655512 0.000000000243651
1124 1.168248266655100 0.000000000240230
1125 1.168248266655593 0.000000000237797
1126 1.168248266655161 0.000000000234491
1127 1.168248266655012 0.000000000232627
1128 1.168248266655567 0.000000000228736
1129 1.168248266655229 0.000000000226718
1130 1.168248266655354 0.000000000223773
1131 1.168248266655513 0.000000000220487
1132 1.168248266655777 0.000000000218466
1133 1.168248266654782 0.000000000216918
1134 1.168248266655989 0.000000000213069
1135 1.168248266656045 0.000000000210120
1136 1.168248266655352 0.000000000209129
1137 1.168248266655829 0.000000000205413
1138 1.168248266655561 0.000000000203333
1139 1.168248266655764 0.000000000201093
1140 1.168248266655646 0.000000000197981
1141 1.168248266655560 0.000000000197361
1142 1.168248266655422 0.000000000194124
1143 1.168248266655589 0.000000000192247
1144 1.168248266655247 0.000000000190208
1145 1.168248266655676 0.000000000186864
1146 1.168248266655062 0.000000000185840
1147 1.168248266656245 0.000000000182997
1148 1.168248266655288 0.000000000181926
1149 1.168248266656054 0.000000000178608
1150 1.168248266655660 0.000000000176883
1151 1.168248266656467 0.000000000173441
1152 1.168248266655495 0.000000000172800
1153 1.168248266655628 0.000000000171131
1154 1.168248266654998 0.000000000169406
1155 1.168248266655129 0.000000000167499
1156 1.168248266655151 0.000000000165984
1157 1.168248266654612 0.000000000164672
1158 1.168248266655003 0.000000000161687
1159 1.168248266655741 0.000000000159391
1160 1.168248266654719 0.000000000158641
1161 1.168248266655841 0.000000000155555
1162 1.168248266655629 0.000000000154446
1163 1.168248266656870 0.000000000151251
1164 1.168248266656023 0.000000000150159
1165 1.168248266656132 0.000000000148382
1166 1.168248266654997 0.000000000147541
1167 1.168248266655810 0.000000000145464
1168 1.168248266655518 0.000000000144268
1169 1.168248266655455 0.000000000143253
1170 1.168248266656036 0.000000000139866
1171 1.168248266655041 0.000000000140146
1172 1.168248266654521 0.000000000139019
1173 1.168248266655619 0.000000000136168
1174 1.168248266655588 0.000000000134121
1175 1.168248266655755 0.000000000132861
1176 1.168248266655622 0.000000000131462
1177 1.168248266655466 0.000000000130743
1178 1.168248266654671 0.000000000129584
1179 1.168248266657012 0.000000000126382
1180 1.168248266655364 0.000000000125886
1181 1.168248266655453 0.000000000125089
1182 1.168248266655032 0.000000000124016
1183 1.168248266655781 0.000000000121659
1184 1.168248266654892 0.000000000121397
1185 1.168248266655536 0.000000000119657
1186 1.168248266655629 0.000000000117801
1187 1.168248266655058 0.000000000116417
1188 1.168248266655180 0.000000000116331
1189 1.168248266655500 0.000000000114008
1190 1.168248266655261 0.000000000113187
1191 1.168248266655434 0.000000000111512
1192 1.168248266655608 0.000000000110347
1193 1.168248266655203 0.000000000109542
1194 1.168248266656028 0.000000000107464
1195 1.168248266655246 0.000000000107772
1196 1.168248266655503 0.000000000105738
1197 1.168248266655628 0.000000000104120
1198 1.168248266655358 0.000000000104381
1199 1.168248266656117 0.000000000101585
1200 1.168248266655971 0.000000000101024
1201 1.168248266655490 0.000000000100025
1202 1.168248266655944 0.000000000098758
1203 1.168248266655229 0.000000000098371
1204 1.168248266655967 0.000000000096291
1205 1.168248266656429 0.000000000095205
1206 1.168248266655293 0.000000000094658
1207 1.168248266655715 0.000000000094172
1208 1.168248266655977 0.000000000092134
1209 1.168248266655955 0.000000000091928
1210 1.168248266655494 0.000000000091084
1211 1.168248266654509 0.000000000090918
1212 1.168248266655782 0.000000000089122
1213 1.168248266655379 0.000000000088741
1214 1.168248266655158 0.000000000087561
1215 1.168248266654956 0.000000000086992
1216 1.168248266655176 0.000000000086202
1217 1.168248266654715 0.000000000085463
1218 1.168248266654778 0.000000000085170
1219 1.168248266655762 0.000000000083090
1220 1.168248266655763 0.000000000081708
1221 1.168248266655897 0.000000000080555
1222 1.168248266654999 0.000000000081846
1223 1.168248266655938 0.000000000079369
1224 1.168248266655056 0.000000000079944
1225 1.168248266655713 0.000000000078025
1226 1.168248266655437 0.000000000077566
1227 1.168248266655849 0.000000000075653
1228 1.168248266655231 0.000000000075632
1229 1.168248266655914 0.000000000074611
1230 1.168248266656530 0.000000000073680
1231 1.168248266656190 0.000000000072643
1232 1.168248266655386 0.000000000073394
1233 1.168248266655841 0.000000000071835
1234 1.168248266655132 0.000000000072299
1235 1.168248266655769 0.000000000070634
1236 1.168248266655448 0.000000000070457
1237 1.168248266656012 0.000000000068818
1238 1.168248266655403 0.000000000068964
1239 1.168248266655959 0.000000000067996
1240 1.168248266655656 0.000000000067317
1241 1.168248266655179 0.000000000066859
1242 1.168248266655625 0.000000000066373
1243 1.168248266654605 0.000000000066534
1244 1.168248266654699 0.000000000066254
1245 1.168248266655339 0.000000000065040
1246 1.168248266654860 0.000000000065103
1247 1.168248266655968 0.000000000062869
1248 1.168248266655644 0.000000000062842
1249 1.168248266655471 0.000000000062375
1250 1.168248266655414 0.000000000061376
1251 1.168248266655414 0.000000000061374
1252 1.168248266655818 0.000000000060197
1253 1.168248266655770 0.000000000059422
1254 1.168248266655428 0.000000000058761
1255 1.168248266656013 0.000000000058312
1256 1.168248266655526 0.000000000058409
1257 1.168248266655338 0.000000000057841
1258 1.168248266654464 0.000000000057884
1259 1.168248266655756 0.000000000056065
1260 1.168248266655859 0.000000000055155
1261 1.168248266655005 0.000000000056188
1262 1.168248266656015 0.000000000054213
1263 1.168248266655343 0.000000000054654
1264 1.168248266655595 0.000000000054633
1265 1.168248266655523 0.000000000053364
1266 1.168248266655310 0.000000000053284
1267 1.168248266654554 0.000000000054091
1268 1.168248266654874 0.000000000053363
1269 1.168248266655511 0.000000000052040
1270 1.168248266655754 0.000000000051413
1271 1.168248266655998 0.000000000050994
1272 1.168248266655722 0.000000000050419
1273 1.168248266655888 0.000000000050131
1274 1.168248266655741 0.000000000049674
1275 1.168248266655582 0.000000000049168
1276 1.168248266655863 0.000000000048558
1277 1.168248266655190 0.000000000048608
1278 1.168248266655891 0.000000000048509
1279 1.168248266655809 0.000000000046724
1280 1.168248266655858 0.000000000047545
1281 1.168248266655804 0.000000000046913
1282 1.168248266655572 0.000000000046962
1283 1.168248266655660 0.000000000045652
1284 1.168248266655957 0.000000000045055
1285 1.168248266655039 0.000000000046193
1286 1.168248266655410 0.000000000045425
1287 1.168248266654498 0.000000000044915
1288 1.168248266655409 0.000000000044933
1289 1.168248266656173 0.000000000043222
1290 1.168248266654887 0.000000000044825
1291 1.168248266655465 0.000000000043891
1292 1.168248266655695 0.000000000042981
1293 1.168248266655450 0.000000000042601
1294 1.168248266655102 0.000000000043026
1295 1.168248266655401 0.000000000042186
1296 1.168248266655650 0.000000000041403
1297 1.168248266655367 0.000000000041367
1298 1.168248266654835 0.000000000041281
1299 1.168248266654941 0.000000000041503
1300 1.168248266655316 0.000000000040377
1301 1.168248266656308 0.000000000039014
1302 1.168248266654822 0.000000000040786
1303 1.168248266654939 0.000000000039733
1304 1.168248266655976 0.000000000038765
1305 1.168248266655718 0.000000000038380
1306 1.168248266655334 0.000000000038868
1307 1.168248266655214 0.000000000038117
1308 1.168248266656098 0.000000000037481
1309 1.168248266655922 0.000000000038043
1310 1.168248266654986 0.000000000037520
1311 1.168248266655521 0.000000000037457
1312 1.168248266655521 0.000000000037521
1313 1.168248266655060 0.000000000037261
1314 1.168248266655594 0.000000000036396
1315 1.168248266655543 0.000000000036045
1316 1.168248266655044 0.000000000036329
1317 1.168248266655302 0.000000000036421
1318 1.168248266656164 0.000000000034306
1319 1.168248266654998 0.000000000035399
1320 1.168248266655441 0.000000000035563
1321 1.168248266654986 0.000000000035318
1322 1.168248266655386 0.000000000034885
1323 1.168248266655375 0.000000000035054
1324 1.168248266655723 0.000000000034202
1325 1.168248266655512 0.000000000034427
1326 1.168248266655893 0.000000000033247
1327 1.168248266654972 0.000000000034436
1328 1.168248266655211 0.000000000033358
1329 1.168248266655560 0.000000000032971
1330 1.168248266655758 0.000000000032697
1331 1.168248266655634 0.000000000032377
1332 1.168248266655340 0.000000000033385
1333 1.168248266655976 0.000000000031789
1334 1.168248266656243 0.000000000031910
1335 1.168248266655396 0.000000000032200
1336 1.168248266655781 0.000000000031209
1337 1.168248266656200 0.000000000030899
1338 1.168248266656300 0.000000000030597
1339 1.168248266655038 0.000000000031713
1340 1.168248266656444 0.000000000029953
1341 1.168248266655340 0.000000000031146
1342 1.168248266655957 0.000000000030152
1343 1.168248266655553 0.000000000030591
1344 1.168248266655450 0.000000000030507
1345 1.168248266655470 0.000000000030405
1346 1.168248266655472 0.000000000029683
1347 1.168248266655801 0.000000000029788
1348 1.168248266655852 0.000000000028720
1349 1.168248266656040 0.000000000029102
1350 1.168248266655693 0.000000000029276
1351 1.168248266655436 0.000000000028902
1352 1.168248266655037 0.000000000028669
1353 1.168248266655685 0.000000000029022
1354 1.168248266654911 0.000000000029039
1355 1.168248266655378 0.000000000029144
1356 1.168248266655614 0.000000000028157
1357 1.168248266655868 0.000000000027842
1358 1.168248266656353 0.000000000027036
1359 1.168248266655571 0.000000000027289
1360 1.168248266655058 0.000000000028737
1361 1.168248266655583 0.000000000027177
1362 1.168248266656173 0.000000000026630
1363 1.168248266655835 0.000000000027458
1364 1.168248266655805 0.000000000027329
1365 1.168248266655346 0.000000000027823
1366 1.168248266655371 0.000000000026634
1367 1.168248266655618 0.000000000027215
1368 1.168248266655097 0.000000000027297
1369 1.168248266655875 0.000000000026249
1370 1.168248266655030 0.000000000026833
1371 1.168248266654730 0.000000000027478
1372 1.168248266655156 0.000000000026858
1373 1.168248266655782 0.000000000025612
1374 1.168248266655964 0.000000000025715
1375 1.168248266655663 0.000000000026296
1376 1.168248266655543 0.000000000026032
1377 1.168248266655702 0.000000000025682
1378 1.168248266655112 0.000000000025680
1379 1.168248266656604 0.000000000024725
1380 1.168248266655753 0.000000000025151
1381 1.168248266655643 0.000000000025784
1382 1.168248266655839 0.000000000025652
1383 1.168248266656104 0.000000000024622
1384 1.168248266655595 0.000000000024775
1385 1.168248266655424 0.000000000025132
1386 1.168248266655420 0.000000000024354
1387 1.168248266655409 0.000000000025198
1388 1.168248266654992 0.000000000025283
1389 1.168248266655270 0.000000000024190
1390 1.168248266655352 0.000000000025121
1391 1.168248266655351 0.000000000024228
1392 1.168248266655617 0.000000000024021
1393 1.168248266655991 0.000000000024355
1394 1.168248266655141 0.000000000024485
1395 1.168248266655673 0.000000000022950
1396 1.168248266655580 0.000000000024325
1397 1.168248266654818 0.000000000024410
1398 1.168248266655183 0.000000000024373
1399 1.168248266655357 0.000000000023410
1400 1.168248266656029 0.000000000023102
1401 1.168248266655474 0.000000000023622
1402 1.168248266655081 0.000000000023979
1403 1.168248266655467 0.000000000023027
1404 1.168248266655179 0.000000000023247
1405 1.168248266655625 0.000000000023059
1406 1.168248266655388 0.000000000022416
1407 1.168248266655945 0.000000000023055
1408 1.168248266654838 0.000000000023663
1409 1.168248266655150 0.000000000022898
1410 1.168248266655633 0.000000000023377
1411 1.168248266655991 0.000000000022652
1412 1.168248266655415 0.000000000022438
1413 1.168248266656441 0.000000000021502
1414 1.168248266655973 0.000000000022341
1415 1.168248266655566 0.000000000022543
1416 1.168248266655174 0.000000000022727
1417 1.168248266656513 0.000000000021536
1418 1.168248266655522 0.000000000022011
1419 1.168248266655430 0.000000000022284
1420 1.168248266654311 0.000000000023166
1421 1.168248266655960 0.000000000021740
1422 1.168248266656272 0.000000000021839
1423 1.168248266655165 0.000000000021984
1424 1.168248266656014 0.000000000021339
1425 1.168248266655275 0.000000000022501
1426 1.168248266654571 0.000000000021900
1427 1.168248266654465 0.000000000022666
1428 1.168248266655425 0.000000000022070
1429 1.168248266655688 0.000000000022129
1430 1.168248266655599 0.000000000020705
1431 1.168248266656253 0.000000000020884
1432 1.168248266655133 0.000000000021889
1433 1.168248266656192 0.000000000020404
1434 1.168248266655516 0.000000000020982
1435 1.168248266655234 0.000000000022253
1436 1.168248266656327 0.000000000020234
1437 1.168248266655633 0.000000000020987
1438 1.168248266656215 0.000000000020811
1439 1.168248266655062 0.000000000021564
1440 1.168248266654750 0.000000000021293
1441 1.168248266655265 0.000000000020961
1442 1.168248266655105 0.000000000020578
1443 1.168248266655273 0.000000000021544
1444 1.168248266655742 0.000000000020942
1445 1.168248266655203 0.000000000021695
1446 1.168248266656544 0.000000000020239
1447 1.168248266656236 0.000000000019575
1448 1.168248266655734 0.000000000020031
1449 1.168248266655171 0.000000000021367
1450 1.168248266655193 0.000000000020682
1451 1.168248266655022 0.000000000021045
1452 1.168248266656027 0.000000000019328
1453 1.168248266655789 0.000000000020221
1454 1.168248266655473 0.000000000021080
1455 1.168248266655563 0.000000000020418
1456 1.168248266655480 0.000000000019734
1457 1.168248266655076 0.000000000020082
1458 1.168248266655359 0.000000000020397
1459 1.168248266655401 0.000000000020046
1460 1.168248266655423 0.000000000021043
1461 1.168248266655435 0.000000000020141
1462 1.168248266655447 0.000000000019735
1463 1.168248266655325 0.000000000019863
1464 1.168248266655842 0.000000000019714
1465 1.168248266655251 0.000000000020186
1466 1.168248266655476 0.000000000019947
1467 1.168248266655513 0.000000000019436
1468 1.168248266654794 0.000000000020665
1469 1.168248266655653 0.000000000020013
1470 1.168248266655499 0.000000000019454
1471 1.168248266655766 0.000000000019075
1472 1.168248266655775 0.000000000019997
1473 1.168248266655771 0.000000000019525
1474 1.168248266655764 0.000000000018974
1475 1.168248266655751 0.000000000019166
1476 1.168248266655222 0.000000000020496
1477 1.168248266655317 0.000000000020012
1478 1.168248266655748 0.000000000019265
1479 1.168248266655086 0.000000000019407
1480 1.168248266655302 0.000000000019956
1481 1.168248266655462 0.000000000018681
1482 1.168248266656486 0.000000000018015
1483 1.168248266655838 0.000000000019551
1484 1.168248266654983 0.000000000019661
1485 1.168248266656012 0.000000000019237
1486 1.168248266655839 0.000000000018616
1487 1.168248266655638 0.000000000018953
1488 1.168248266655388 0.000000000019502
1489 1.168248266656194 0.000000000019007
1490 1.168248266655754 0.000000000018656
1491 1.168248266655358 0.000000000019383
1492 1.168248266655605 0.000000000019470
1493 1.168248266655163 0.000000000019559
1494 1.168248266655104 0.000000000019426
1495 1.168248266654726 0.000000000019935
1496 1.168248266655356 0.000000000019545
1497 1.168248266655863 0.000000000018774
1498 1.168248266655546 0.000000000018644
1499 1.168248266655422 0.000000000018629
1500 1.168248266655828 0.000000000018118
1501 1.168248266656139 0.000000000018502
1502 1.168248266655711 0.000000000018695
1503 1.168248266656668 0.000000000017344
1504 1.168248266655232 0.000000000019199
1505 1.168248266655324 0.000000000018963
1506 1.168248266656104 0.000000000018097
1507 1.168248266655456 0.000000000018816
1508 1.168248266655455 0.000000000019039
1509 1.168248266655504 0.000000000018545
1510 1.168248266654808 0.000000000019198
1511 1.168248266654617 0.000000000019128
1512 1.168248266654672 0.000000000019779
1513 1.168248266656728 0.000000000017004
1514 1.168248266656148 0.000000000017826
1515 1.168248266655692 0.000000000018538
1516 1.168248266656392 0.000000000018060
1517 1.168248266655752 0.000000000018231
1518 1.168248266656013 0.000000000018508
1519 1.168248266655152 0.000000000019390
1520 1.168248266655153 0.000000000018771
1521 1.168248266655465 0.000000000018647
1522 1.168248266655501 0.000000000017770
1523 1.168248266655480 0.000000000018566
1524 1.168248266655377 0.000000000018004
1525 1.168248266655305 0.000000000019006
1526 1.168248266654833 0.000000000018259
1527 1.168248266655101 0.000000000018715
1528 1.168248266655142 0.000000000018963
1529 1.168248266655479 0.000000000018695
1530 1.168248266655888 0.000000000017865
1531 1.168248266655632 0.000000000018088
1532 1.168248266654902 0.000000000018354
1533 1.168248266654754 0.000000000019523
1534 1.168248266656211 0.000000000017716
1535 1.168248266655995 0.000000000017425
1536 1.168248266655426 0.000000000018446
1537 1.168248266655051 0.000000000018605
1538 1.168248266655105 0.000000000018620
1539 1.168248266656112 0.000000000017632
1540 1.168248266656135 0.000000000017439
1541 1.168248266655088 0.000000000018188
1542 1.168248266656164 0.000000000018156
1543 1.168248266655500 0.000000000018500
1544 1.168248266655646 0.000000000017632
1545 1.168248266655636 0.000000000018001
1546 1.168248266655747 0.000000000017458
1547 1.168248266654966 0.000000000018424
1548 1.168248266655568 0.000000000017264
1549 1.168248266655155 0.000000000018163
1550 1.168248266655534 0.000000000017637
1551 1.168248266655532 0.000000000017709
1552 1.168248266655159 0.000000000018496
1553 1.168248266655475 0.000000000017217
1554 1.168248266655586 0.000000000017778
1555 1.168248266655514 0.000000000017603
1556 1.168248266655766 0.000000000018343
1557 1.168248266655605 0.000000000018701
1558 1.168248266656698 0.000000000016441
1559 1.168248266655846 0.000000000018046
1560 1.168248266655012 0.000000000018241
1561 1.168248266655773 0.000000000018350
1562 1.168248266655505 0.000000000017765
1563 1.168248266655707 0.000000000017801
1564 1.168248266655237 0.000000000018894
1565 1.168248266655963 0.000000000017807
1566 1.168248266656043 0.000000000017651
1567 1.168248266655525 0.000000000017891
1568 1.168248266655831 0.000000000017545
1569 1.168248266655667 0.000000000017982
1570 1.168248266655572 0.000000000017755
1571 1.168248266655483 0.000000000018161
1572 1.168248266655662 0.000000000018006
1573 1.168248266655429 0.000000000018039
1574 1.168248266655537 0.000000000017754
1575 1.168248266655237 0.000000000018512
1576 1.168248266655094 0.000000000018515
1577 1.168248266654589 0.000000000018479
1578 1.168248266656106 0.000000000017096
1579 1.168248266655733 0.000000000017890
1580 1.168248266655330 0.000000000018003
1581 1.168248266655488 0.000000000017802
1582 1.168248266655310 0.000000000018290
1583 1.168248266655386 0.000000000017823
1584 1.168248266656281 0.000000000017230
1585 1.168248266656076 0.000000000017422
1586 1.168248266655223 0.000000000018286
1587 1.168248266655355 0.000000000017520
1588 1.168248266655797 0.000000000017412
1589 1.168248266655706 0.000000000017276
1590 1.168248266655670 0.000000000017736
1591 1.168248266656255 0.000000000016886
1592 1.168248266655438 0.000000000017517
1593 1.168248266655631 0.000000000017195
1594 1.168248266654651 0.000000000018254
1595 1.168248266655704 0.000000000017220
1596 1.168248266655675 0.000000000017121
1597 1.168248266655479 0.000000000017365
1598 1.168248266656306 0.000000000016390
1599 1.168248266656145 0.000000000017002
1600 1.168248266655632 0.000000000017095
1601 1.168248266655384 0.000000000017395
1602 1.168248266655664 0.000000000017152
1603 1.168248266655490 0.000000000017624
1604 1.168248266655461 0.000000000017399
1605 1.168248266656747 0.000000000016545
1606 1.168248266654479 0.000000000017904
1607 1.168248266656053 0.000000000016794
1608 1.168248266655262 0.000000000018210
1609 1.168248266654998 0.000000000018152
1610 1.168248266656080 0.000000000017284
1611 1.168248266655542 0.000000000018092
1612 1.168248266656216 0.000000000016761
1613 1.168248266655775 0.000000000017540
1614 1.168248266655542 0.000000000017546
1615 1.168248266655135 0.000000000018067
1616 1.168248266655913 0.000000000016983
1617 1.168248266655457 0.000000000017743
1618 1.168248266655908 0.000000000017057
1619 1.168248266655317 0.000000000017797
1620 1.168248266655866 0.000000000016789
1621 1.168248266655602 0.000000000017529
1622 1.168248266655736 0.000000000017695
1623 1.168248266654901 0.000000000018207
1624 1.168248266654881 0.000000000018133
1625 1.168248266655348 0.000000000017748
1626 1.168248266655286 0.000000000017172
1627 1.168248266655413 0.000000000017606
1628 1.168248266655571 0.000000000017094
1629 1.168248266655673 0.000000000017195
1630 1.168248266654976 0.000000000018153
1631 1.168248266655556 0.000000000017299
1632 1.168248266655969 0.000000000016818
1633 1.168248266655056 0.000000000017552
1634 1.168248266656002 0.000000000016656
1635 1.168248266656483 0.000000000015970
1636 1.168248266655513 0.000000000017440
1637 1.168248266655102 0.000000000017464
1638 1.168248266655295 0.000000000017688
1639 1.168248266655325 0.000000000017560
1640 1.168248266654789 0.000000000018360
1641 1.168248266655342 0.000000000017316
1642 1.168248266655581 0.000000000017818
1643 1.168248266655386 0.000000000017630
1644 1.168248266655660 0.000000000017082
1645 1.168248266655321 0.000000000017853
1646 1.168248266655822 0.000000000017466
1647 1.168248266656203 0.000000000016492
1648 1.168248266655951 0.000000000016682
1649 1.168248266656090 0.000000000016763
1650 1.168248266656080 0.000000000017116
1651 1.168248266655102 0.000000000017809
1652 1.168248266655557 0.000000000016691
1653 1.168248266655093 0.000000000017856
1654 1.168248266655714 0.000000000017221
1655 1.168248266654673 0.000000000018392
1656 1.168248266656040 0.000000000017355
1657 1.168248266655660 0.000000000017728
1658 1.168248266655380 0.000000000017545
1659 1.168248266656525 0.000000000016437
1660 1.168248266655107 0.000000000017954
1661 1.168248266655193 0.000000000018184
1662 1.168248266655509 0.000000000018037
1663 1.168248266656199 0.000000000017351
1664 1.168248266656335 0.000000000016643
1665 1.168248266655877 0.000000000017429
1666 1.168248266655276 0.000000000017955
1667 1.168248266655985 0.000000000016917
1668 1.168248266656337 0.000000000016667
1669 1.168248266655822 0.000000000016574
1670 1.168248266655468 0.000000000016994
1671 1.168248266655573 0.000000000017425
1672 1.168248266655866 0.000000000016955
1673 1.168248266654707 0.000000000017773
1674 1.168248266655329 0.000000000017399
1675 1.168248266655084 0.000000000017599
1676 1.168248266655489 0.000000000017428
1677 1.168248266655739 0.000000000016733
1678 1.168248266655329 0.000000000017422
1679 1.168248266655084 0.000000000017599
1680 1.168248266655489 0.000000000017428
1681 1.168248266655739 0.000000000016733
1682 1.168248266655329 0.000000000017422
1683 1.168248266655084 0.000000000017599
1684 1.168248266655489 0.000000000017428
1685 1.168248266655739 0.000000000016733
1686 1.168248266655329 0.000000000017422
1687 1.168248266655084 0.000000000017599
1688 1.168248266655489 0.000000000017428
1689 1.168248266655739 0.000000000016733
1690 1.168248266655329 0.000000000017422
1691 1.168248266655084 0.000000000017599
1692 1.168248266655489 0.000000000017428
1693 1.168248266655739 0.000000000016733
1694 1.168248266655329 0.000000000017422
1695 1.168248266655084 0.000000000017599
1696 1.168248266655489 0.000000000017428
1697 1.168248266655739 0.000000000016733
1698 1.168248266655329 0.000000000017422
1699 1.168248266655084 0.000000000017599
1700 1.168248266655489 0.000000000017428
1701 1.168248266655739 0.000000000016733
1702 1.168248266655329 0.000000000017422
1703 1.168248266655084 0.000000000017599
1704 1.168248266655489 0.000000000017428
1705 1.168248266655739 0.000000000016733
1706 1.168248266655329 0.000000000017422
1707 1.168248266655084 0.000000000017599
1708 1.168248266655489 0.000000000017428
1709 1.168248266655739 0.000000000016733
1710 1.168248266655329 0.000000000017422
1711 1.168248266655084 0.000000000017599
1712 1.168248266655489 0.000000000017428
1713 1.168248266655739 0.000000000016733
1714 1.168248266655329 0.000000000017422
1715 1.168248266655084 0.000000000017599
1716 1.168248266655489 0.000000000017428
1717 1.168248266655739 0.000000000016733
1718 1.168248266655329 0.000000000017422
1719 1.168248266655084 0.000000000017599
1720 1.168248266655489 0.000000000017428
1721 1.168248266655739 0.000000000016733
1722 1.168248266655329 0.000000000017422
1723 1.168248266655084 0.000000000017599
1724 1.168248266655489 0.000000000017428
1725 1.168248266655739 0.000000000016733
1726 1.168248266655329 0.000000000017422
1727 1.168248266655084 0.000000000017599
1728 1.168248266655489 0.000000000017428
1729 1.168248266655739 0.000000000016733
1730 1.168248266655329 0.000000000017422
1731 1.168248266655084 0.000000000017599
1732 1.168248266655489 0.000000000017428
1733 1.168248266655739 0.000000000016733
1734 1.168248266655329 0.000000000017422
1735 1.168248266655084 0.000000000017599
1736 1.168248266655489 0.000000000017428
1737 1.168248266655739 0.000000000016733
1738 1.168248266655329 0.000000000017422
1739 1.168248266655084 0.000000000017599
1740 1.168248266655489 0.000000000017428
1741 1.168248266655739 0.000000000016733
1742 1.168248266655329 0.000000000017422
1743 1.168248266655084 0.000000000017599
1744 1.168248266655489 0.000000000017428
1745 1.168248266655739 0.000000000016733
1746 1.168248266655329 0.000000000017422
1747 1.168248266655084 0.000000000017599
1748 1.168248266655489 0.000000000017428
1749 1.168248266655739 0.000000000016733
1750 1.168248266655329 0.000000000017422
1751 1.168248266655084 0.000000000017599
1752 1.168248266655489 0.000000000017428
1753 1.168248266655739 0.000000000016733
1754 1.168248266655329 0.000000000017422
1755 1.168248266655084 0.000000000017599
1756 1.168248266655489 0.000000000017428
1757 1.168248266655739 0.000000000016733
1758 1.168248266655329 0.000000000017422
1759 1.168248266655084 0.000000000017599
1760 1.168248266655489 0.000000000017428
1761 1.168248266655739 0.000000000016733
1762 1.168248266655329 0.000000000017422
1763 1.168248266655084 0.000000000017599
1764 1.168248266655489 0.000000000017428
1765 1.168248266655739 0.000000000016733
1766 1.168248266655329 0.000000000017422
1767 1.168248266655084 0.000000000017599
1768 1.168248266655489 0.000000000017428
1769 1.168248266655739 0.000000000016733
1770 1.168248266655329 0.000000000017422
1771 1.168248266655084 0.000000000017599
1772 1.168248266655489 0.000000000017428
1773 1.168248266655739 0.000000000016733
1774 1.168248266655329 0.000000000017422
1775 1.168248266655084 0.000000000017599
1776 1.168248266655489 0.000000000017428
1777 1.168248266655739 0.000000000016733
1778 1.168248266655329 0.000000000017422
1779 1.168248266655084 0.000000000017599
1780 1.168248266655489 0.000000000017428
1781 1.168248266655739 0.000000000016733
1782 1.168248266655329 0.000000000017422
1783 1.168248266655084 0.000000000017599
1784 1.168248266655489 0.000000000017428
1785 1.168248266655739 0.000000000016733
1786 1.168248266655329 0.000000000017422
1787 1.168248266655084 0.000000000017599
1788 1.168248266655489 0.000000000017428
1789 1.168248266655739 0.000000000016733
1790 1.168248266655329 0.000000000017422
1791 1.168248266655084 0.000000000017599
1792 1.168248266655489 0.000000000017428
1793 1.168248266655739 0.000000000016733
1794 1.168248266655329 0.000000000017422
1795 1.168248266655084 0.000000000017599
1796 1.168248266655489 0.000000000017428
1797 1.168248266655739 0.000000000016733
1798 1.168248266655329 0.000000000017422
1799 1.168248266655084 0.000000000017599
1800 1.168248266655489 0.000000000017428
1801 1.168248266655739 0.000000000016733
1802 1.168248266655329 0.000000000017422
1803 1.168248266655084 0.000000000017599
1804 1.168248266655489 0.000000000017428
1805 1.168248266655739 0.000000000016733
1806 1.168248266655329 0.000000000017422
1807 1.168248266655084 0.000000000017599
1808 1.168248266655489 0.000000000017428
1809 1.168248266655739 0.000000000016733
1810 1.168248266655329 0.000000000017422
1811 1.168248266655084 0.000000000017599
1812 1.168248266655489 0.000000000017428
1813 1.168248266655739 0.000000000016733
1814 1.168248266655329 0.000000000017422
1815 1.168248266655084 0.000000000017599
1816 1.168248266655489 0.000000000017428
1817 1.168248266655739 0.000000000016733
1818 1.168248266655329 0.000000000017422
1819 1.168248266655084 0.000000000017599
1820 1.168248266655489 0.000000000017428
1821 1.168248266655739 0.000000000016733
1822 1.168248266655329 0.000000000017422
1823 1.168248266655084 0.000000000017599
1824 1.168248266655489 0.000000000017428
1825 1.168248266655739 0.000000000016733
1826 1.168248266655329 0.000000000017422
1827 1.168248266655084 0.000000000017599
1828 1.168248266655489 0.000000000017428
1829 1.168248266655739 0.000000000016733
1830 1.168248266655329 0.000000000017422
1831 1.168248266655084 0.000000000017599
1832 1.168248266655489 0.000000000017428
1833 1.168248266655739 0.000000000016733
1834 1.168248266655329 0.000000000017422
1835 1.168248266655084 0.000000000017599
1836 1.168248266655489 0.000000000017428
1837 1.168248266655739 0.000000000016733
1838 1.168248266655329 0.000000000017422
1839 1.168248266655084 0.000000000017599
1840 1.168248266655489 0.000000000017428
1841 1.168248266655739 0.000000000016733
1842 1.168248266655329 0.000000000017422
1843 1.168248266655084 0.000000000017599
1844 1.168248266655489 0.000000000017428
1845 1.168248266655739 0.000000000016733
1846 1.168248266655329 0.000000000017422
1847 1.168248266655084 0.000000000017599
1848 1.168248266655489 0.000000000017428
1849 1.168248266655739 0.000000000016733
1850 1.168248266655329 0.000000000017422
1851 1.168248266655084 0.000000000017599
1852 1.168248266655489 0.000000000017428
1853 1.168248266655739 0.000000000016733
1854 1.168248266655329 0.000000000017422
1855 1.168248266655084 0.000000000017599
1856 1.168248266655489 0.000000000017428
1857 1.168248266655739 0.000000000016733
1858 1.168248266655329 0.000000000017422
1859 1.168248266655084 0.000000000017599
1860 1.168248266655489 0.000000000017428
1861 1.168248266655739 0.000000000016733
1862 1.168248266655329 0.000000000017422
1863 1.168248266655084 0.000000000017599
1864 1.168248266655489 0.000000000017428
1865 1.168248266655739 0.000000000016733
1866 1.168248266655329 0.000000000017422
1867 1.168248266655084 0.000000000017599
1868 1.168248266655489 0.000000000017428
1869 1.168248266655739 0.000000000016733
1870 1.168248266655329 0.000000000017422
1871 1.168248266655084 0.000000000017599
1872 1.168248266655489 0.000000000017428
1873 1.168248266655739 0.000000000016733
1874 1.168248266655329 0.000000000017422
1875 1.168248266655084 0.000000000017599
1876 1.168248266655489 0.000000000017428
1877 1.168248266655739 0.000000000016733
1878 1.168248266655329 0.000000000017422
1879 1.168248266655084 0.000000000017599
1880 1.168248266655489 0.000000000017428
1881 1.168248266655739 0.000000000016733
1882 1.168248266655329 0.000000000017422
1883 1.168248266655084 0.000000000017599
1884 1.168248266655489 0.000000000017428
1885 1.168248266655739 0.000000000016733
1886 1.168248266655329 0.000000000017422
1887 1.168248266655084 0.000000000017599
1888 1.168248266655489 0.000000000017428
1889 1.168248266655739 0.000000000016733
1890 1.168248266655329 0.000000000017422
1891 1.168248266655084 0.000000000017599
1892 1.168248266655489 0.000000000017428
1893 1.168248266655739 0.000000000016733
1894 1.168248266655329 0.000000000017422
1895 1.168248266655084 0.000000000017599
1896 1.168248266655489 0.000000000017428
1897 1.168248266655739 0.000000000016733
1898 1.168248266655329 0.000000000017422
1899 1.168248266655084 0.000000000017599
1900 1.168248266655489 0.000000000017428
1901 1.168248266655739 0.000000000016733
1902 1.168248266655329 0.000000000017422
1903 1.168248266655084 0.000000000017599
1904 1.168248266655489 0.000000000017428
1905 1.168248266655739 0.000000000016733
1906 1.168248266655329 0.000000000017422
1907 1.168248266655084 0.000000000017599
1908 1.168248266655489 0.000000000017428
1909 1.168248266655739 0.000000000016733
1910 1.168248266655329 0.000000000017422
1911 1.168248266655084 0.000000000017599
1912 1.168248266655489 0.000000000017428
1913 1.168248266655739 0.000000000016733
1914 1.168248266655329 0.000000000017422
1915 1.168248266655084 0.000000000017599
1916 1.168248266655489 0.000000000017428
1917 1.168248266655739 0.000000000016733
1918 1.168248266655329 0.000000000017422
1919 1.168248266655084 0.000000000017599
1920 1.168248266655489 0.000000000017428
1921 1.168248266655739 0.000000000016733
1922 1.168248266655329 0.000000000017422
1923 1.168248266655084 0.000000000017599
1924 1.168248266655489 0.000000000017428
1925 1.168248266655739 0.000000000016733
1926 1.168248266655329 0.000000000017422
1927 1.168248266655084 0.000000000017599
1928 1.168248266655489 0.000000000017428
1929 1.168248266655739 0.000000000016733
1930 1.168248266655329 0.000000000017422
1931 1.168248266655084 0.000000000017599
1932 1.168248266655489 0.000000000017428
1933 1.168248266655739 0.000000000016733
1934 1.168248266655329 0.000000000017422
1935 1.168248266655084 0.000000000017599
1936 1.168248266655489 0.000000000017428
1937 1.168248266655739 0.000000000016733
1938 1.168248266655329 0.000000000017422
1939 1.168248266655084 0.000000000017599
1940 1.168248266655489 0.000000000017428
1941 1.168248266655739 0.000000000016733
1942 1.168248266655329 0.000000000017422
1943 1.168248266655084 0.000000000017599
1944 1.168248266655489 0.000000000017428
1945 1.168248266655739 0.000000000016733
1946 1.168248266655329 0.000000000017422
1947 1.168248266655084 0.000000000017599
1948 1.168248266655489 0.000000000017428
1949 1.168248266655739 0.000000000016733
1950 1.168248266655329 0.000000000017422
1951 1.168248266655084 0.000000000017599
1952 1.168248266655489 0.000000000017428
1953 1.168248266655739 0.000000000016733
1954 1.168248266655329 0.000000000017422
1955 1.168248266655084 0.000000000017599
1956 1.168248266655489 0.000000000017428
1957 1.168248266655739 0.000000000016733
1958 1.168248266655329 0.000000000017422
1959 1.168248266655084 0.000000000017599
1960 1.168248266655489 0.000000000017428
1961 1.168248266655739 0.000000000016733
1962 1.168248266655329 0.000000000017422
1963 1.168248266655084 0.000000000017599
1964 1.168248266655489 0.000000000017428
1965 1.168248266655739 0.000000000016733
1966 1.168248266655329 0.000000000017422
1967 1.168248266655084 0.000000000017599
1968 1.168248266655489 0.000000000017428
1969 1.168248266655739 0.000000000016733
1970 1.168248266655329 0.000000000017422
1971 1.168248266655084 0.000000000017599
1972 1.168248266655489 0.000000000017428
1973 1.168248266655739 0.000000000016733
1974 1.168248266655329 0.000000000017422
1975 1.168248266655084 0.000000000017599
1976 1.168248266655489 0.000000000017428
1977 1.168248266655739 0.000000000016733
1978 1.168248266655329 0.000000000017422
1979 1.168248266655084 0.000000000017599
1980 1.168248266655489 0.000000000017428
1981 1.168248266655739 0.000000000016733
1982 1.168248266655329 0.000000000017422
1983 1.168248266655084 0.000000000017599
1984 1.168248266655489 0.000000000017428
1985 1.168248266655739 0.000000000016733
1986 1.168248266655329 0.000000000017422
1987 1.168248266655084 0.000000000017599
1988 1.168248266655489 0.000000000017428
1989 1.168248266655739 0.000000000016733
1990 1.168248266655329 0.000000000017422
1991 1.168248266655084 0.000000000017599
1992 1.168248266655489 0.000000000017428
1993 1.168248266655739 0.000000000016733
1994 1.168248266655329 0.000000000017422
1995 1.168248266655084 0.000000000017599
1996 1.168248266655489 0.000000000017428
1997 1.168248266655739 0.000000000016733
1998 1.168248266655329 0.000000000017422
1999 1.168248266655084 0.000000000017599
