0 1.221964886082034 0.198173841222022
1 1.203401935115060 0.107841399034627
2 1.195269665570699 0.069345554834902
3 1.191179614638948 0.049271429468989
4 1.188937693890443 0.036997807891643
5 1.187633750205243 0.028694011159332
6 1.186841637354846 0.022721952165568
7 1.186344212472756 0.018257651967239
8 1.186023624076406 0.014831195706380
9 1.185812686855498 0.012150046307416
10 1.185671560358205 0.010020746076658
11 1.185575847247361 0.008309697577698
12 1.185510204722816 0.006921574401201
13 1.185464767967950 0.005786575022402
14 1.185433075370562 0.004852493058572
15 1.185410827728091 0.004079580755940
16 1.185395126535478 0.003437112661392
17 1.185383995638315 0.002901024607643
18 1.185376074874883 0.002452254292882
19 1.185370420489761 0.002075551677072
20 1.185366373146972 0.001758611133642
21 1.185363469524251 0.001491428253338
22 1.185361382417370 0.001265816290332
23 1.185359879776420 0.001075037848419
24 1.185358796437386 0.000913520964674
25 1.185358014483415 0.000776637852006
26 1.185357449512616 0.000660530722356
27 1.185357040968633 0.000561973447804
28 1.185356745333290 0.000478260710222
29 1.185356531272905 0.000407118587357
30 1.185356376200462 0.000346631870931
31 1.185356263811924 0.000295184672705
32 1.185356182329939 0.000251411601184
33 1.185356123237985 0.000214157456500
34 1.185356080371598 0.000182443797172
35 1.185356049270708 0.000155441117878
36 1.185356026702162 0.000132445607976
37 1.185356010323342 0.000112859701726
38 1.185355998436008 0.000096175738961
39 1.185355989806271 0.000081962222755
40 1.185355983542550 0.000069852232299
41 1.185355978994842 0.000059533651085
42 1.185355975694502 0.000050740890404
43 1.185355973299511 0.000043247898714
44 1.185355971560673 0.000036862233260
45 1.185355970299479 0.000031420025404
46 1.185355969383419 0.000026781720953
47 1.185355968719863 0.000022828449372
48 1.185355968238108 0.000019458953344
49 1.185355967888474 0.000016586964268
50 1.185355967635652 0.000014138979347
51 1.185355967452327 0.000012052367559
52 1.185355967319608 0.000010273759856
53 1.185355967223546 0.000008757673018
54 1.185355967154230 0.000007465348064
55 1.185355967104127 0.000006363749401
56 1.185355967068090 0.000005424721790
57 1.185355967042275 0.000004624269196
58 1.185355967022076 0.000003941939952
59 1.185355967009779 0.000003360294639
60 1.185355966999649 0.000002864480553
61 1.185355966992363 0.000002441828553
62 1.185355966987857 0.000002081539847
63 1.185355966983896 0.000001774413895
64 1.185355966982150 0.000001512604619
65 1.185355966980461 0.000001289425706
66 1.185355966978455 0.000001099178367
67 1.185355966977936 0.000000937000403
68 1.185355966977277 0.000000798751665
69 1.185355966976699 0.000000680901397
70 1.185355966977164 0.000000580439178
71 1.185355966976257 0.000000494800643
72 1.185355966976293 0.000000421796556
73 1.185355966976067 0.000000359564635
74 1.185355966976811 0.000000306513348
75 1.185355966976609 0.000000261290644
76 1.185355966976459 0.000000222740585
77 1.185355966976468 0.000000189877372
78 1.185355966976303 0.000000161863966
79 1.185355966976473 0.000000137982581
80 1.185355966976597 0.000000117625303
81 1.185355966976693 0.000000100272791
82 1.185355966975890 0.000000085479475
83 1.185355966976454 0.000000072868430
84 1.185355966976440 0.000000062118180
85 1.185355966976002 0.000000052955310
86 1.185355966976658 0.000000045142511
87 1.185355966976613 0.000000038483491
88 1.185355966976554 0.000000032807095
89 1.185355966976724 0.000000027967439
90 1.185355966976051 0.000000023843238
91 1.185355966976868 0.000000020325556
92 1.185355966976579 0.000000017328077
93 1.185355966976587 0.000000014773033
94 1.185355966976492 0.000000012594348
95 1.185355966976123 0.000000010737508
96 1.185355966976807 0.000000009154058
97 1.185355966976671 0.000000007804263
98 1.185355966976295 0.000000006654337
99 1.185355966976715 0.000000005674049
100 1.185355966977335 0.000000004837676
101 1.185355966975897 0.000000004125959
102 1.185355966976511 0.000000003517856
103 1.185355966976661 0.000000002999996
104 1.185355966975445 0.000000002559611
105 1.185355966976813 0.000000002182383
106 1.185355966976557 0.000000001861787
107 1.185355966976636 0.000000001588459
108 1.185355966975765 0.000000001355238
109 1.185355966976502 0.000000001156653
110 1.185355966976503 0.000000000987213
111 1.185355966977035 0.000000000842559
112 1.185355966977439 0.000000000718665
113 1.185355966976058 0.000000000615030
114 1.185355966976377 0.000000000525369
115 1.185355966976104 0.000000000449524
116 1.185355966975802 0.000000000384753
117 1.185355966976286 0.000000000328669
118 1.185355966976039 0.000000000281947
119 1.185355966976443 0.000000000241479
120 1.185355966976979 0.000000000206217
121 1.185355966977491 0.000000000176418
122 1.185355966976243 0.000000000152716
123 1.185355966976648 0.000000000131303
124 1.185355966977036 0.000000000113129
125 1.185355966976140 0.000000000098388
126 1.185355966976194 0.000000000084682
127 1.185355966976559 0.000000000073208
128 1.185355966976637 0.000000000064116
129 1.185355966975829 0.000000000056275
130 1.185355966976766 0.000000000048543
131 1.185355966976367 0.000000000043106
132 1.185355966976973 0.000000000037025
133 1.185355966975773 0.000000000033859
134 1.185355966976756 0.000000000028923
135 1.185355966976398 0.000000000026745
136 1.185355966977006 0.000000000022921
137 1.185355966976703 0.000000000021192
138 1.185355966977057 0.000000000018936
139 1.185355966976438 0.000000000018404
140 1.185355966975894 0.000000000016617
141 1.185355966976643 0.000000000015063
142 1.185355966976411 0.000000000014454
143 1.185355966977021 0.000000000012892
144 1.185355966976785 0.000000000012553
145 1.185355966976255 0.000000000012068
146 1.185355966976176 0.000000000011815
147 1.185355966976689 0.000000000010530
148 1.185355966976383 0.000000000010912
149 1.185355966976260 0.000000000011170
150 1.185355966976831 0.000000000009847
151 1.185355966976138 0.000000000009904
152 1.185355966976775 0.000000000009102
153 1.185355966977164 0.000000000008887
154 1.185355966976098 0.000000000009432
155 1.185355966977324 0.000000000008254
156 1.185355966976968 0.000000000008039
157 1.185355966976443 0.000000000009092
158 1.185355966976754 0.000000000008609
159 1.185355966977095 0.000000000008646
160 1.185355966976387 0.000000000009495
161 1.185355966975828 0.000000000009810
162 1.185355966976563 0.000000000008958
163 1.185355966976188 0.000000000009515
164 1.185355966975778 0.000000000009516
165 1.185355966976686 0.000000000008808
166 1.185355966976620 0.000000000008774
167 1.185355966976258 0.000000000008751
168 1.185355966976400 0.000000000008745
169 1.185355966975705 0.000000000009236
170 1.185355966976712 0.000000000008542
171 1.185355966975934 0.000000000009202
172 1.185355966976682 0.000000000008385
173 1.185355966976619 0.000000000008527
174 1.185355966976349 0.000000000008877
175 1.185355966975751 0.000000000009421
176 1.185355966976442 0.000000000008498
177 1.185355966977411 0.000000000008134
178 1.185355966976802 0.000000000008302
179 1.185355966976302 0.000000000008874
180 1.185355966976570 0.000000000008679
181 1.185355966976543 0.000000000008529
182 1.185355966976097 0.000000000009192
183 1.185355966976860 0.000000000008254
184 1.185355966976119 0.000000000009361
185 1.185355966976935 0.000000000008314
186 1.185355966975916 0.000000000009129
187 1.185355966976162 0.000000000008884
188 1.185355966976638 0.000000000008744
189 1.185355966976162 0.000000000008899
190 1.185355966976638 0.000000000008744
191 1.185355966976162 0.000000000008899
192 1.185355966976638 0.000000000008744
193 1.185355966976162 0.000000000008899
194 1.185355966976638 0.000000000008744
195 1.185355966976162 0.000000000008899
196 1.185355966976638 0.000000000008744
197 1.185355966976162 0.000000000008899
198 1.185355966976638 0.000000000008744
199 1.185355966976162 0.000000000008899
200 1.185355966976638 0.000000000008744
201 1.185355966976162 0.000000000008899
202 1.185355966976638 0.000000000008744
203 1.185355966976162 0.000000000008899
204 1.185355966976638 0.000000000008744
205 1.185355966976162 0.000000000008899
206 1.185355966976638 0.000000000008744
207 1.185355966976162 0.000000000008899
208 1.185355966976638 0.000000000008744
209 1.185355966976162 0.000000000008899
210 1.185355966976638 0.000000000008744
211 1.185355966976162 0.000000000008899
212 1.185355966976638 0.000000000008744
213 1.185355966976162 0.000000000008899
214 1.185355966976638 0.000000000008744
215 1.185355966976162 0.000000000008899
216 1.185355966976638 0.000000000008744
217 1.185355966976162 0.000000000008899
218 1.185355966976638 0.000000000008744
219 1.185355966976162 0.000000000008899
220 1.185355966976638 0.000000000008744
221 1.185355966976162 0.000000000008899
222 1.185355966976638 0.000000000008744
223 1.185355966976162 0.000000000008899
224 1.185355966976638 0.000000000008744
225 1.185355966976162 0.000000000008899
226 1.185355966976638 0.000000000008744
227 1.185355966976162 0.000000000008899
228 1.185355966976638 0.000000000008744
229 1.185355966976162 0.000000000008899
230 1.185355966976638 0.000000000008744
231 1.185355966976162 0.000000000008899
232 1.185355966976638 0.000000000008744
233 1.185355966976162 0.000000000008899
234 1.185355966976638 0.000000000008744
235 1.185355966976162 0.000000000008899
236 1.185355966976638 0.000000000008744
237 1.185355966976162 0.000000000008899
238 1.185355966976638 0.000000000008744
239 1.185355966976162 0.000000000008899
240 1.185355966976638 0.000000000008744
241 1.185355966976162 0.000000000008899
242 1.185355966976638 0.000000000008744
243 1.185355966976162 0.000000000008899
244 1.185355966976638 0.000000000008744
245 1.185355966976162 0.000000000008899
246 1.185355966976638 0.000000000008744
247 1.185355966976162 0.000000000008899
248 1.185355966976638 0.000000000008744
249 1.185355966976162 0.000000000008899
250 1.185355966976638 0.000000000008744
251 1.185355966976162 0.000000000008899
252 1.185355966976638 0.000000000008744
253 1.185355966976162 0.000000000008899
254 1.185355966976638 0.000000000008744
255 1.185355966976162 0.000000000008899
256 1.185355966976638 0.000000000008744
257 1.185355966976162 0.000000000008899
258 1.185355966976638 0.000000000008744
259 1.185355966976162 0.000000000008899
260 1.185355966976638 0.000000000008744
261 1.185355966976162 0.000000000008899
262 1.185355966976638 0.000000000008744
263 1.185355966976162 0.000000000008899
264 1.185355966976638 0.000000000008744
265 1.185355966976162 0.000000000008899
266 1.185355966976638 0.000000000008744
267 1.185355966976162 0.000000000008899
268 1.185355966976638 0.000000000008744
269 1.185355966976162 0.000000000008899
270 1.185355966976638 0.000000000008744
271 1.185355966976162 0.000000000008899
272 1.185355966976638 0.000000000008744
273 1.185355966976162 0.000000000008899
274 1.185355966976638 0.000000000008744
275 1.185355966976162 0.000000000008899
276 1.185355966976638 0.000000000008744
277 1.185355966976162 0.000000000008899
278 1.185355966976638 0.000000000008744
279 1.185355966976162 0.000000000008899
280 1.185355966976638 0.000000000008744
281 1.185355966976162 0.000000000008899
282 1.185355966976638 0.000000000008744
283 1.185355966976162 0.000000000008899
284 1.185355966976638 0.000000000008744
285 1.185355966976162 0.000000000008899
286 1.185355966976638 0.000000000008744
287 1.185355966976162 0.000000000008899
288 1.185355966976638 0.000000000008744
289 1.185355966976162 0.000000000008899
290 1.185355966976638 0.000000000008744
291 1.185355966976162 0.000000000008899
292 1.185355966976638 0.000000000008744
293 1.185355966976162 0.000000000008899
294 1.185355966976638 0.000000000008744
295 1.185355966976162 0.000000000008899
296 1.185355966976638 0.000000000008744
297 1.185355966976162 0.000000000008899
298 1.185355966976638 0.000000000008744
299 1.185355966976162 0.000000000008899
