0 1.458671381808868 0.018825706589070
1 1.458574900541294 0.004429340867300
2 1.458568273194630 0.001053985626862
3 1.458567813164942 0.000254487001334
4 1.458567781030790 0.000062351375411
5 1.458567778777962 0.000015484672629
6 1.458567778619746 0.000003892063955
7 1.458567778609315 0.000000988495307
8 1.458567778608357 0.000000253277545
9 1.458567778608231 0.000000065374476
10 1.458567778608164 0.000000016976401
11 1.458567778608546 0.000000004429841
12 1.458567778607939 0.000000001161304
13 1.458567778608323 0.000000000305662
14 1.458567778607553 0.000000000081395
15 1.458567778607938 0.000000000021967
16 1.458567778608219 0.000000000006569
17 1.458567778608337 0.000000000002205
18 1.458567778608027 0.000000000001600
19 1.458567778608504 0.000000000000798
20 1.458567778608438 0.000000000000773
21 1.458567778608054 0.000000000001217
22 1.458567778608054 0.000000000001203
23 1.458567778608076 0.000000000001174
24 1.458567778608076 0.000000000001174
25 1.458567778608076 0.000000000001174
26 1.458567778608076 0.000000000001174
27 1.458567778608076 0.000000000001174
28 1.458567778608076 0.000000000001174
29 1.458567778608076 0.000000000001174
30 1.458567778608076 0.000000000001174
31 1.458567778608076 0.000000000001174
32 1.458567778608076 0.000000000001174
33 1.458567778608076 0.000000000001174
34 1.458567778608076 0.000000000001174
35 1.458567778608076 0.000000000001174
36 1.458567778608076 0.000000000001174
37 1.458567778608076 0.000000000001174
38 1.458567778608076 0.000000000001174
39 1.458567778608076 0.000000000001174
40 1.458567778608076 0.000000000001174
41 1.458567778608076 0.000000000001174
42 1.458567778608076 0.000000000001174
43 1.458567778608076 0.000000000001174
44 1.458567778608076 0.000000000001174
45 1.458567778608076 0.000000000001174
46 1.458567778608076 0.000000000001174
47 1.458567778608076 0.000000000001174
48 1.458567778608076 0.000000000001174
49 1.458567778608076 0.000000000001174
50 1.458567778608076 0.000000000001174
51 1.458567778608076 0.000000000001174
52 1.458567778608076 0.000000000001174
53 1.458567778608076 0.000000000001174
54 1.458567778608076 0.000000000001174
55 1.458567778608076 0.000000000001174
56 1.458567778608076 0.000000000001174
57 1.458567778608076 0.000000000001174
58 1.458567778608076 0.000000000001174
59 1.458567778608076 0.000000000001174
60 1.458567778608076 0.000000000001174
61 1.458567778608076 0.000000000001174
62 1.458567778608076 0.000000000001174
63 1.458567778608076 0.000000000001174
64 1.458567778608076 0.000000000001174
65 1.458567778608076 0.000000000001174
66 1.458567778608076 0.000000000001174
67 1.458567778608076 0.000000000001174
68 1.458567778608076 0.000000000001174
69 1.458567778608076 0.000000000001174
70 1.458567778608076 0.000000000001174
71 1.458567778608076 0.000000000001174
72 1.458567778608076 0.000000000001174
73 1.458567778608076 0.000000000001174
74 1.458567778608076 0.000000000001174
75 1.458567778608076 0.000000000001174
76 1.458567778608076 0.000000000001174
77 1.458567778608076 0.000000000001174
78 1.458567778608076 0.000000000001174
79 1.458567778608076 0.000000000001174
80 1.458567778608076 0.000000000001174
81 1.458567778608076 0.000000000001174
82 1.458567778608076 0.000000000001174
83 1.458567778608076 0.000000000001174
84 1.458567778608076 0.000000000001174
85 1.458567778608076 0.000000000001174
86 1.458567778608076 0.000000000001174
87 1.458567778608076 0.000000000001174
88 1.458567778608076 0.000000000001174
89 1.458567778608076 0.000000000001174
90 1.458567778608076 0.000000000001174
91 1.458567778608076 0.000000000001174
92 1.458567778608076 0.000000000001174
93 1.458567778608076 0.000000000001174
94 1.458567778608076 0.000000000001174
95 1.458567778608076 0.000000000001174
96 1.458567778608076 0.000000000001174
97 1.458567778608076 0.000000000001174
98 1.458567778608076 0.000000000001174
99 1.458567778608076 0.000000000001174
