0 1.218883205139880 0.201130655114231
1 1.199692746498060 0.110426416856413
2 1.191143790293738 0.071782192772080
3 1.186759594411906 0.051621975604963
4 1.184302725304397 0.039274391499136
5 1.182838116155484 0.030894141499387
6 1.181923981135165 0.024839658122203
7 1.181332791436483 0.020287017525211
8 1.180939518565403 0.016767446164871
9 1.180671866070120 0.013989806307404
10 1.180486266305409 0.011762009134835
11 1.180355551839159 0.009951697813319
12 1.180262289297446 0.008464630756287
13 1.180195016482421 0.007231934205877
14 1.180146039058455 0.006202180741856
15 1.180110098970015 0.005336264154405
16 1.180083547222811 0.004603975318137
17 1.180063817434190 0.003981653297497
18 1.180049083543427 0.003450537747708
19 1.180038033046231 0.002995590718539
20 1.180029714190764 0.002604639731826
21 1.180023431476163 0.002267744993254
22 1.180018673212205 0.001976725657400
23 1.180015060710257 0.001724800690664
24 1.180012312248415 0.001506313441402
25 1.180010217296284 0.001316518130262
26 1.180008617886960 0.001151412683086
27 1.180007395083709 0.001007606625691
28 1.180006459059101 0.000882215756153
29 1.180005741784178 0.000772777508766
30 1.180005191620689 0.000677182383845
31 1.180004769290097 0.000593618031953
32 1.180004444854688 0.000520523330918
33 1.180004195468187 0.000456550430997
34 1.180004003664439 0.000400533225494
35 1.180003856077642 0.000351460999702
36 1.180003742466673 0.000308456296537
37 1.180003654978292 0.000270756260796
38 1.180003587585780 0.000237696824226
39 1.180003535658112 0.000208699268283
40 1.180003495638401 0.000183258748292
41 1.180003464788031 0.000160934483479
42 1.180003441003763 0.000141341325088
43 1.180003422663464 0.000124142509104
44 1.180003408520893 0.000109043399005
45 1.180003397612090 0.000095786079585
46 1.180003389198472 0.000084144674388
47 1.180003382709778 0.000073921284601
48 1.180003377704049 0.000064942462230
49 1.180003373841783 0.000057056140467
50 1.180003370863860 0.000050128955128
51 1.180003368565012 0.000044043927877
52 1.180003366793236 0.000038698414464
53 1.180003365426987 0.000034002344666
54 1.180003364372666 0.000029876664128
55 1.180003363560634 0.000026251973400
56 1.180003362933565 0.000023067346020
57 1.180003362451032 0.000020269283107
58 1.180003362077850 0.000017810810881
59 1.180003361792353 0.000015650667928
60 1.180003361570303 0.000013752625058
61 1.180003361400287 0.000012084851873
62 1.180003361269272 0.000010619395034
63 1.180003361168435 0.000009331694897
64 1.180003361090477 0.000008200180944
65 1.180003361030917 0.000007205898018
66 1.180003360985432 0.000006332196528
67 1.180003360950109 0.000005564447769
68 1.180003360923581 0.000004889799156
69 1.180003360901927 0.000004296958766
70 1.180003360887014 0.000003776000365
71 1.180003360874529 0.000003318210727
72 1.180003360865389 0.000002915926235
73 1.180003360858479 0.000002562417174
74 1.180003360853563 0.000002251767911
75 1.180003360848680 0.000001978783269
76 1.180003360845917 0.000001738893867
77 1.180003360843834 0.000001528088620
78 1.180003360841618 0.000001342839235
79 1.180003360840680 0.000001180049277
80 1.180003360839776 0.000001036994676
81 1.180003360838770 0.000000911282758
82 1.180003360837951 0.000000800812169
83 1.180003360838137 0.000000703732461
84 1.180003360836863 0.000000618422314
85 1.180003360837073 0.000000543454042
86 1.180003360837088 0.000000477574106
87 1.180003360837730 0.000000419680047
88 1.180003360838297 0.000000368804077
89 1.180003360837866 0.000000324097700
90 1.180003360837123 0.000000284809807
91 1.180003360837781 0.000000250284093
92 1.180003360837194 0.000000219944713
93 1.180003360838019 0.000000193282760
94 1.180003360837576 0.000000169852928
95 1.180003360837542 0.000000149263564
96 1.180003360837555 0.000000131170437
97 1.180003360837941 0.000000115270179
98 1.180003360837660 0.000000101297976
99 1.180003360836810 0.000000089019607
100 1.180003360838054 0.000000078228647
101 1.180003360837207 0.000000068747192
102 1.180003360837614 0.000000060413992
103 1.180003360838407 0.000000053091071
104 1.180003360838375 0.000000046656120
105 1.180003360836861 0.000000041002243
106 1.180003360838479 0.000000036031796
107 1.180003360837213 0.000000031666336
108 1.180003360837342 0.000000027828795
109 1.180003360838100 0.000000024455489
110 1.180003360837291 0.000000021492343
111 1.180003360837239 0.000000018889076
112 1.180003360837925 0.000000016599448
113 1.180003360837039 0.000000014589143
114 1.180003360837257 0.000000012821951
115 1.180003360837506 0.000000011268225
116 1.180003360837335 0.000000009903881
117 1.180003360838255 0.000000008703118
118 1.180003360838069 0.000000007649508
119 1.180003360837875 0.000000006723412
120 1.180003360837538 0.000000005909787
121 1.180003360837569 0.000000005194777
122 1.180003360838020 0.000000004565813
123 1.180003360837860 0.000000004013480
124 1.180003360836783 0.000000003529321
125 1.180003360837280 0.000000003102106
126 1.180003360837876 0.000000002726751
127 1.180003360838211 0.000000002397203
128 1.180003360837385 0.000000002108113
129 1.180003360837653 0.000000001854043
130 1.180003360837649 0.000000001629701
131 1.180003360837969 0.000000001433446
132 1.180003360837423 0.000000001261278
133 1.180003360836816 0.000000001110014
134 1.180003360838060 0.000000000975979
135 1.180003360837883 0.000000000858506
136 1.180003360837508 0.000000000756506
137 1.180003360837514 0.000000000666089
138 1.180003360837552 0.000000000586351
139 1.180003360837401 0.000000000516726
140 1.180003360837490 0.000000000454790
141 1.180003360837246 0.000000000400811
142 1.180003360837404 0.000000000353447
143 1.180003360837584 0.000000000312017
144 1.180003360838159 0.000000000274061
145 1.180003360837550 0.000000000242884
146 1.180003360837703 0.000000000214417
147 1.180003360836656 0.000000000190764
148 1.180003360837955 0.000000000167606
149 1.180003360837710 0.000000000149122
150 1.180003360838776 0.000000000131095
151 1.180003360837665 0.000000000117081
152 1.180003360837934 0.000000000103562
153 1.180003360838600 0.000000000091611
154 1.180003360837601 0.000000000082907
155 1.180003360837890 0.000000000073572
156 1.180003360837244 0.000000000065807
157 1.180003360837694 0.000000000058962
158 1.180003360837022 0.000000000053417
159 1.180003360837062 0.000000000048755
160 1.180003360836949 0.000000000044003
161 1.180003360837850 0.000000000039009
162 1.180003360837280 0.000000000035292
163 1.180003360836979 0.000000000032667
164 1.180003360837276 0.000000000030328
165 1.180003360837834 0.000000000026938
166 1.180003360838523 0.000000000024770
167 1.180003360837866 0.000000000022985
168 1.180003360837953 0.000000000021426
169 1.180003360837851 0.000000000020288
170 1.180003360837824 0.000000000018933
171 1.180003360836961 0.000000000018434
172 1.180003360837385 0.000000000016860
173 1.180003360837685 0.000000000016715
174 1.180003360837198 0.000000000015501
175 1.180003360837372 0.000000000014579
176 1.180003360837357 0.000000000014558
177 1.180003360837626 0.000000000013360
178 1.180003360838020 0.000000000012980
179 1.180003360838404 0.000000000011471
180 1.180003360838233 0.000000000011383
181 1.180003360838524 0.000000000011472
182 1.180003360837472 0.000000000011725
183 1.180003360837399 0.000000000011201
184 1.180003360837929 0.000000000011258
185 1.180003360837099 0.000000000011273
186 1.180003360837081 0.000000000011342
187 1.180003360837568 0.000000000010509
188 1.180003360837824 0.000000000009864
189 1.180003360838043 0.000000000009867
190 1.180003360837722 0.000000000010381
191 1.180003360837313 0.000000000010900
192 1.180003360837768 0.000000000010425
193 1.180003360837560 0.000000000010535
194 1.180003360837734 0.000000000010403
195 1.180003360837594 0.000000000010387
196 1.180003360837802 0.000000000010228
197 1.180003360837917 0.000000000010135
198 1.180003360837804 0.000000000009994
199 1.180003360836999 0.000000000010878
200 1.180003360838782 0.000000000009388
201 1.180003360837933 0.000000000009758
202 1.180003360837090 0.000000000010401
203 1.180003360837357 0.000000000010478
204 1.180003360838656 0.000000000009090
205 1.180003360838470 0.000000000009405
206 1.180003360838005 0.000000000009444
207 1.180003360838005 0.000000000009492
208 1.180003360837448 0.000000000010143
209 1.180003360837398 0.000000000009759
210 1.180003360837795 0.000000000010076
211 1.180003360838271 0.000000000009285
212 1.180003360836888 0.000000000010608
213 1.180003360837415 0.000000000010372
214 1.180003360837703 0.000000000009470
215 1.180003360837413 0.000000000010133
216 1.180003360837329 0.000000000010362
217 1.180003360837415 0.000000000010353
218 1.180003360838462 0.000000000009187
219 1.180003360837655 0.000000000010167
220 1.180003360837516 0.000000000010179
221 1.180003360838148 0.000000000009500
222 1.180003360837190 0.000000000010292
223 1.180003360837919 0.000000000009390
224 1.180003360837886 0.000000000009593
225 1.180003360837589 0.000000000010001
226 1.180003360838226 0.000000000009432
227 1.180003360838096 0.000000000009187
228 1.180003360837783 0.000000000009802
229 1.180003360837409 0.000000000010066
230 1.180003360838151 0.000000000009346
231 1.180003360837770 0.000000000009718
232 1.180003360838508 0.000000000009023
233 1.180003360837770 0.000000000009699
234 1.180003360838508 0.000000000009015
235 1.180003360837770 0.000000000009699
236 1.180003360838508 0.000000000009015
237 1.180003360837770 0.000000000009699
238 1.180003360838508 0.000000000009015
239 1.180003360837770 0.000000000009699
240 1.180003360838508 0.000000000009015
241 1.180003360837770 0.000000000009699
242 1.180003360838508 0.000000000009015
243 1.180003360837770 0.000000000009699
244 1.180003360838508 0.000000000009015
245 1.180003360837770 0.000000000009699
246 1.180003360838508 0.000000000009015
247 1.180003360837770 0.000000000009699
248 1.180003360838508 0.000000000009015
249 1.180003360837770 0.000000000009699
250 1.180003360838508 0.000000000009015
251 1.180003360837770 0.000000000009699
252 1.180003360838508 0.000000000009015
253 1.180003360837770 0.000000000009699
254 1.180003360838508 0.000000000009015
255 1.180003360837770 0.000000000009699
256 1.180003360838508 0.000000000009015
257 1.180003360837770 0.000000000009699
258 1.180003360838508 0.000000000009015
259 1.180003360837770 0.000000000009699
260 1.180003360838508 0.000000000009015
261 1.180003360837770 0.000000000009699
262 1.180003360838508 0.000000000009015
263 1.180003360837770 0.000000000009699
264 1.180003360838508 0.000000000009015
265 1.180003360837770 0.000000000009699
266 1.180003360838508 0.000000000009015
267 1.180003360837770 0.000000000009699
268 1.180003360838508 0.000000000009015
269 1.180003360837770 0.000000000009699
270 1.180003360838508 0.000000000009015
271 1.180003360837770 0.000000000009699
272 1.180003360838508 0.000000000009015
273 1.180003360837770 0.000000000009699
274 1.180003360838508 0.000000000009015
275 1.180003360837770 0.000000000009699
276 1.180003360838508 0.000000000009015
277 1.180003360837770 0.000000000009699
278 1.180003360838508 0.000000000009015
279 1.180003360837770 0.000000000009699
280 1.180003360838508 0.000000000009015
281 1.180003360837770 0.000000000009699
282 1.180003360838508 0.000000000009015
283 1.180003360837770 0.000000000009699
284 1.180003360838508 0.000000000009015
285 1.180003360837770 0.000000000009699
286 1.180003360838508 0.000000000009015
287 1.180003360837770 0.000000000009699
288 1.180003360838508 0.000000000009015
289 1.180003360837770 0.000000000009699
290 1.180003360838508 0.000000000009015
291 1.180003360837770 0.000000000009699
292 1.180003360838508 0.000000000009015
293 1.180003360837770 0.000000000009699
294 1.180003360838508 0.000000000009015
295 1.180003360837770 0.000000000009699
296 1.180003360838508 0.000000000009015
297 1.180003360837770 0.000000000009699
298 1.180003360838508 0.000000000009015
299 1.180003360837770 0.000000000009699
