0 12.5589298911054 -4.16580294107771
1 6.66354412166768 -5.17397449053043
2 3.29058609223654 -5.37136891109903
3 1.73847616391124 -5.4095626404214
4 0.940448926497029 -5.42030678060648
5 0.519664063206789 -5.42350435957122
6 0.291748354972501 -5.42449360227234
7 0.165447713145097 -5.42480877555674
8 0.0944326353458518 -5.42491176585021
9 0.0541142806880401 -5.42494619325947
10 0.0310746160110096 -5.42495792136409
11 0.0178574031729628 -5.42496198024529
12 0.0102603171270168 -5.42496340452429
13 0.00589084860541522 -5.42496391068259
14 0.00337824570789813 -5.42496409271721
15 0.00193446541657671 -5.42496415892419
16 0.00110576352744474 -5.4249641832575
17 0.000630763881471985 -5.42496419229189
18 0.000358949489277727 -5.42496419567906
19 0.00020370645090928 -5.42496419695709
20 0.000115235343495002 -5.42496419744557
21 6.4947187769171e-005 -5.4249641976315
22 3.64487588688789e-005 -5.42496419770696
23 2.03513630827601e-005 -5.42496419773095
24 1.1296194085908e-005 -5.42496419774209
25 6.22576187669921e-006 -5.42496419774814
26 3.40386004804571e-006 -5.42496419774756
27 1.84291165350459e-006 -5.42496419774844
28 9.87319485723503e-007 -5.42496419775121
29 5.24541323265737e-007 -5.42496419775104
30 2.75795151161162e-007 -5.42496419774985
31 1.45424620789925e-007 -5.42496419775021
32 7.66678205366134e-008 -5.42496419774932
33 4.32401350280998e-008 -5.42496419774982
34 2.70108087008225e-008 -5.42496419775138
35 2.11210329226219e-008 -5.42496419775044
36 1.80116614956205e-008 -5.42496419775237
37 1.67983937870986e-008 -5.42496419775078
38 1.60458037967715e-008 -5.42496419775008
39 1.8477502194969e-008 -5.42496419775049
40 1.87876061374936e-008 -5.4249641977527
41 1.73915015722059e-008 -5.42496419774664
42 1.91473743527126e-008 -5.42496419774979
43 1.95907530198269e-008 -5.42496419775139
44 1.9259769779012e-008 -5.42496419774889
45 1.9094200887082e-008 -5.42496419775135
46 1.89665527727811e-008 -5.42496419774888
47 1.88315274485262e-008 -5.42496419774963
48 1.88235969034167e-008 -5.42496419774799
49 1.88187199157142e-008 -5.4249641977502
50 2.14722488678376e-008 -5.42496419775018
51 2.14741495696558e-008 -5.42496419775145
52 2.147588951118e-008 -5.42496419774748
53 2.14686446398105e-008 -5.42496419775017
54 2.1471326938638e-008 -5.42496419774813
55 2.14672235543389e-008 -5.42496419775038
56 2.14733884007501e-008 -5.42496419774813
57 2.14634443551631e-008 -5.42496419775402
58 2.1470950350988e-008 -5.42496419775006
59 2.14724176217373e-008 -5.42496419774801
60 2.14724584779447e-008 -5.42496419774888
61 2.1465215382932e-008 -5.42496419775038
62 2.146689137561e-008 -5.42496419775092
63 2.14635420547893e-008 -5.42496419775521
64 2.14651807439736e-008 -5.42496419775321
65 2.14675743848147e-008 -5.42496419775193
66 2.14707425172378e-008 -5.42496419774874
67 2.14680824228708e-008 -5.42496419775046
68 2.146997690744e-008 -5.42496419774964
69 2.14687991828555e-008 -5.42496419774997
70 2.14681250554349e-008 -5.42496419775217
71 2.14695168310186e-008 -5.42496419774941
72 2.14683923971393e-008 -5.42496419775104
73 2.14714113155878e-008 -5.42496419774883
74 2.14713802293431e-008 -5.42496419774899
75 2.14664446218649e-008 -5.42496419774985
76 2.14656203922914e-008 -5.42496419775094
77 2.14713509194553e-008 -5.42496419774973
78 2.14670068388045e-008 -5.4249641977507
79 2.14685478283627e-008 -5.424964197749
80 2.14655626606941e-008 -5.42496419775179
81 2.14676676435488e-008 -5.42496419775003
82 2.146548627735e-008 -5.42496419775297
83 2.14651469931937e-008 -5.42496419775181
84 2.14699120704154e-008 -5.42496419774866
85 2.14673692155998e-008 -5.42496419774975
86 2.14670095033398e-008 -5.42496419774988
87 2.1468688160553e-008 -5.42496419774933
88 2.14725863756371e-008 -5.4249641977468
89 2.14685922372837e-008 -5.42496419774903
90 2.14665183406737e-008 -5.42496419775087
91 2.1466929567282e-008 -5.42496419775003
92 2.14675655030305e-008 -5.4249641977491
93 2.14646895813075e-008 -5.42496419775005
94 2.14719735325275e-008 -5.42496419775122
95 2.14682129850985e-008 -5.42496419775167
96 2.14692414957085e-008 -5.42496419774989
97 2.14664250819396e-008 -5.42496419775303
98 2.14704476420025e-008 -5.42496419774946
99 2.14699307221622e-008 -5.42496419775023
