0 266.470631630706 -29.5527968207684
1 112.022966869964 -69.1377023316188
2 65.4084831933991 -72.9874046570541
3 42.6128366600148 -73.700470939616
4 28.8467568487707 -74.0393953360525
5 19.4271594460355 -74.166167490193
6 13.0446857138081 -74.2108196291734
7 8.86514053804598 -74.22874845284
8 6.04620441232579 -74.2366535510085
9 4.14021344790982 -74.2402989261796
10 2.83853265596115 -74.2419936376176
11 1.94943127958639 -74.2427824564281
12 1.33957944894627 -74.2431495233067
13 0.921370807429199 -74.2433208659205
14 0.633924280366628 -74.2434012760947
15 0.436396328629172 -74.243439305855
16 0.300468236527024 -74.2434574505729
17 0.206945292909069 -74.2434661892331
18 0.142541279732512 -74.2434704365465
19 0.0981960124585157 -74.2434725188304
20 0.0676451719867117 -74.2434735477516
21 0.0466006050690311 -74.2434740597375
22 0.0320996528235611 -74.2434743160648
23 0.0221091631714927 -74.2434744450789
24 0.0152251991627423 -74.2434745103025
25 0.0104826897102157 -74.2434745434092
26 0.00721545891681785 -74.2434745602796
27 0.00496513536540988 -74.2434745688791
28 0.00341541390507416 -74.2434745732919
29 0.00234848557617795 -74.2434745755625
30 0.00161412816933648 -74.2434745767292
31 0.00110887137978466 -74.243474577337
32 0.000761352258521697 -74.2434745776433
33 0.000522413183176695 -74.2434745778068
34 0.000358236896360609 -74.2434745778741
35 0.000245484885141423 -74.243474577917
36 0.000168085096987625 -74.2434745779427
37 0.000115016017275593 -74.2434745779567
38 7.86121640459214e-005 -74.243474577968
39 5.36916198115023e-005 -74.2434745779674
40 3.66280625456739e-005 -74.2434745779737
41 2.49781306109753e-005 -74.2434745779707
42 1.70059687008006e-005 -74.2434745779809
43 1.15707326955317e-005 -74.2434745779759
44 7.88614386237896e-006 -74.2434745779757
45 5.34297306842291e-006 -74.2434745779715
46 3.63307754014386e-006 -74.2434745779652
47 2.4770123872031e-006 -74.2434745779716
48 1.69056588106287e-006 -74.2434745779754
49 1.1591139355005e-006 -74.2434745779671
50 8.00914506271511e-007 -74.2434745779747
51 5.49141148553645e-007 -74.2434745779751
52 4.09674001389249e-007 -74.2434745779695
53 2.80306792888041e-007 -74.2434745779769
54 2.21232753006007e-007 -74.2434745779799
55 1.58364727553817e-007 -74.2434745779654
56 1.39269928922658e-007 -74.2434745779751
57 1.17485228656733e-007 -74.2434745779755
58 1.10262945440809e-007 -74.2434745779809
59 7.87988625461367e-008 -74.243474577963
60 7.4657009463408e-008 -74.2434745779772
61 7.23789099765781e-008 -74.2434745779747
62 7.11285537136064e-008 -74.2434745779674
63 6.98003645993595e-008 -74.2434745779838
64 6.8976120815023e-008 -74.2434745779751
65 6.87244323671621e-008 -74.243474577962
66 6.79923175539443e-008 -74.2434745779911
67 6.79537492942472e-008 -74.2434745779675
68 6.76044180636381e-008 -74.2434745779662
69 6.75033504649036e-008 -74.2434745779845
70 6.75040041642205e-008 -74.2434745779701
71 6.74518076948516e-008 -74.2434745779635
72 6.73380640137111e-008 -74.2434745779754
73 6.7314118723516e-008 -74.2434745779721
74 6.72937687795638e-008 -74.2434745779726
75 6.73191351552305e-008 -74.243474577977
76 6.72561100145685e-008 -74.2434745779829
77 6.73206699275397e-008 -74.2434745779749
78 6.72432776127607e-008 -74.2434745779763
79 6.72638549303883e-008 -74.243474577972
80 6.72885960284475e-008 -74.2434745779795
81 6.72628601705583e-008 -74.2434745779758
82 6.724131651481e-008 -74.2434745779773
83 6.72701503390272e-008 -74.2434745779722
84 6.72447697525058e-008 -74.243474577981
85 6.7258881131238e-008 -74.243474577979
86 6.72486777375525e-008 -74.2434745779843
87 6.7260828018334e-008 -74.2434745779753
88 6.72488198460997e-008 -74.2434745779721
89 6.72503261966995e-008 -74.2434745779722
90 6.7285327531863e-008 -74.2434745779714
91 6.72453808192586e-008 -74.2434745779694
92 6.72423965397684e-008 -74.243474577979
93 6.72648354793637e-008 -74.2434745779719
94 6.72684734581708e-008 -74.2434745779593
95 6.72602027407265e-008 -74.2434745779623
96 6.72829401082709e-008 -74.2434745779724
97 6.72678481805633e-008 -74.2434745779667
98 6.72147280056379e-008 -74.2434745779747
99 6.73322233524232e-008 -74.2434745779682
