0 227.06348257245 -19.8790722865869
1 89.3431300793009 -56.7387276909621
2 53.046141666537 -59.5073074208956
3 34.8903600315342 -60.0730299488458
4 23.8183117168977 -60.3845094406049
5 15.9309064899365 -60.489302933222
6 10.6642449255202 -60.5241733899518
7 7.27599378998197 -60.5385802234053
8 4.96719920655315 -60.5451672359454
9 3.41432305014585 -60.5482743049399
10 2.34177015987238 -60.5497240080581
11 1.6124194492707 -60.5503987954927
12 1.10762457236007 -60.5507114282684
13 0.763237082630418 -60.5508569546721
14 0.524719808895654 -60.5509250289191
15 0.361739577190114 -60.5509572060929
16 0.248806109590014 -60.5509725652239
17 0.171567023765114 -60.5509799866558
18 0.118027226647229 -60.5509836109849
19 0.0813899256199164 -60.5509854007331
20 0.055989345686676 -60.5509862926753
21 0.0386031904551274 -60.5509867411157
22 0.0265492052143941 -60.5509869681654
23 0.0182982785775039 -60.5509870838484
24 0.0125788019610695 -60.5509871430927
25 0.00866455552056067 -60.5509871735976
26 0.005952182471475 -60.5509871893285
27 0.00409669275789781 -60.5509871974792
28 0.00281166075503592 -60.5509872017155
29 0.00193312258299017 -60.5509872039251
30 0.00132518361917278 -60.5509872050639
31 0.00090991190983658 -60.5509872056703
32 0.000622837522072928 -60.5509872059917
33 0.000426977257141914 -60.5509872061453
34 0.00029173685321382 -60.5509872062455
35 0.000199601721128317 -60.5509872062875
36 0.000136088222085107 -60.5509872063039
37 9.28950097076608e-005 -60.5509872063292
38 6.31602966194578e-005 -60.5509872063284
39 4.29945917872487e-005 -60.5509872063233
40 2.91395236402536e-005 -60.5509872063327
41 1.97650655451298e-005 -60.5509872063356
42 1.33473970862497e-005 -60.5509872063288
43 9.02964709581511e-006 -60.5509872063395
44 6.06689519599968e-006 -60.5509872063388
45 4.09577344839818e-006 -60.5509872063324
46 2.73846141141121e-006 -60.550987206331
47 1.8495126283824e-006 -60.5509872063379
48 1.22304593475064e-006 -60.5509872063285
49 8.2475956730832e-007 -60.5509872063263
50 5.65104713246001e-007 -60.5509872063405
51 3.77753337943432e-007 -60.5509872063405
52 2.62684480389908e-007 -60.5509872063366
53 1.7572884303263e-007 -60.5509872063292
54 1.33665110979564e-007 -60.5509872063334
55 8.57996411696149e-008 -60.550987206333
56 7.23776523159358e-008 -60.5509872063334
57 5.22382990197912e-008 -60.55098720633
58 4.53083472962135e-008 -60.5509872063337
59 4.0091208575177e-008 -60.5509872063389
60 3.66220049841104e-008 -60.5509872063356
61 3.44504940130719e-008 -60.5509872063377
62 3.28788374304168e-008 -60.5509872063304
63 4.04431261813443e-008 -60.5509872063363
64 3.95227317540048e-008 -60.5509872063342
65 3.8761527321185e-008 -60.5509872063275
66 3.84980225476284e-008 -60.5509872063319
67 3.81872311550069e-008 -60.5509872063265
68 3.82282578925697e-008 -60.5509872063265
69 3.79951217155394e-008 -60.5509872063273
70 4.07304199256942e-008 -60.5509872063357
71 4.0598145290005e-008 -60.5509872063295
72 4.06321163382017e-008 -60.5509872063375
73 4.0562795788901e-008 -60.5509872063394
74 4.05213711474062e-008 -60.5509872063461
75 4.05710451900632e-008 -60.5509872063401
76 4.03289561745623e-008 -60.5509872063348
77 4.0254874988932e-008 -60.5509872063427
78 4.03215096866916e-008 -60.550987206339
79 4.02741022753617e-008 -60.5509872063413
80 4.02955322442722e-008 -60.5509872063433
81 4.0278401058913e-008 -60.5509872063325
82 4.02804900545561e-008 -60.5509872063385
83 4.02676434418936e-008 -60.5509872063373
84 4.03045916641531e-008 -60.5509872063269
85 4.02475848204631e-008 -60.5509872063444
86 4.03038669105626e-008 -60.5509872063476
87 4.02514643838003e-008 -60.5509872063396
88 4.02804545274194e-008 -60.5509872063333
89 4.02837230240038e-008 -60.5509872063409
90 4.02531767917935e-008 -60.5509872063442
91 4.03013729055601e-008 -60.5509872063398
92 4.02535391685888e-008 -60.5509872063347
93 4.0308663074029e-008 -60.5509872063357
94 4.02579090064137e-008 -60.5509872063353
95 4.03036537477419e-008 -60.5509872063566
96 4.02607653882114e-008 -60.5509872063352
97 4.02647444275317e-008 -60.5509872063429
98 4.03047337727003e-008 -60.5509872063355
99 4.02470732296933e-008 -60.5509872063339
