0 10.6870747946672 -3.32306168897581
1 5.91116351902311 -4.13696412573233
2 2.68763323142178 -4.4205926208579
3 1.3334655564977 -4.47267352904447
4 0.71226996831722 -4.48237470741079
5 0.399893324383372 -4.48450589651268
6 0.22678343543785 -4.48505779091044
7 0.129081824872744 -4.48520632951472
8 0.0739357121612088 -4.48524772609441
9 0.0426171234962149 -4.48526003681334
10 0.024686831566779 -4.48526396094111
11 0.0143481405628147 -4.48526528471353
12 0.00835546773111595 -4.48526574995375
13 0.00487014226802795 -4.48526591825143
14 0.00283920541001947 -4.48526598041757
15 0.00165471465066958 -4.4852660037519
16 0.000963762527884882 -4.48526601262173
17 0.000560819840977445 -4.48526601603497
18 0.000325978032629237 -4.48526601735134
19 0.000189222462667615 -4.48526601786934
20 0.000109670457098865 -4.48526601807144
21 6.34524644187451e-005 -4.4852660181516
22 3.66378628751107e-005 -4.48526601818362
23 2.11091001940389e-005 -4.48526601820036
24 1.21291130401602e-005 -4.48526601820466
25 6.95164564490369e-006 -4.48526601820701
26 3.97077819780378e-006 -4.4852660182047
27 2.25952905008597e-006 -4.48526601820606
28 1.28359009909929e-006 -4.48526601820836
29 7.26958870878036e-007 -4.48526601820737
30 4.09599026696128e-007 -4.48526601820624
31 2.31193182820277e-007 -4.48526601820907
32 1.30741488746366e-007 -4.48526601820646
33 7.61897220868946e-008 -4.48526601820401
34 4.50574848542828e-008 -4.48526601820698
35 2.79630461008651e-008 -4.48526601820585
36 1.95352987120145e-008 -4.4852660182082
37 1.48180738790415e-008 -4.48526601820614
38 1.13527880429842e-008 -4.48526601820397
39 1.11996900642453e-008 -4.48526601820733
40 1.07494635415151e-008 -4.48526601820619
41 1.13254730038648e-008 -4.48526601820696
42 1.00078718645591e-008 -4.48526601820601
43 9.23329768198755e-009 -4.48526601820846
44 1.13888614095004e-008 -4.48526601820581
45 1.10843449974141e-008 -4.48526601820659
46 1.09553255356332e-008 -4.48526601820359
47 1.08155706612933e-008 -4.48526601820497
48 1.08142108601328e-008 -4.4852660182021
49 1.06928421672592e-008 -4.4852660182068
50 1.06856941073374e-008 -4.48526601820763
51 1.06875885919067e-008 -4.48526601820652
52 1.0685041296199e-008 -4.48526601820663
53 1.06837374502788e-008 -4.48526601820623
54 1.05708117814629e-008 -4.48526601820607
55 1.05685042939285e-008 -4.48526601820625
56 1.05696900121188e-008 -4.48526601820407
57 1.05719077936328e-008 -4.485266018204
58 1.05709272446575e-008 -4.48526601820469
59 1.05702477881664e-008 -4.48526601820495
60 1.05700932451214e-008 -4.48526601820556
61 1.0566994390615e-008 -4.48526601820655
62 1.05666524419235e-008 -4.48526601820562
63 1.0566884256491e-008 -4.48526601820984
64 1.05684723195054e-008 -4.48526601820685
65 1.05715640685844e-008 -4.48526601820281
66 1.05685584728121e-008 -4.48526601820532
67 1.05701776220712e-008 -4.48526601820399
68 1.05706146058537e-008 -4.48526601820605
69 1.05697575136787e-008 -4.485266018204
70 1.05709458964043e-008 -4.48526601820476
71 1.05656434712387e-008 -4.48526601820865
72 1.05650608261953e-008 -4.48526601820809
73 1.05703339414731e-008 -4.48526601820369
74 1.05720561194289e-008 -4.48526601820446
75 1.05642889991486e-008 -4.48526601820548
76 1.0570230024598e-008 -4.48526601820784
77 1.05686845941477e-008 -4.48526601820545
78 1.05703286124026e-008 -4.48526601820421
79 1.05676400963262e-008 -4.48526601820761
80 1.05711057685198e-008 -4.48526601820357
81 1.05688782170432e-008 -4.48526601820508
82 1.05699902164247e-008 -4.48526601820357
83 1.05720268095411e-008 -4.48526601820449
84 1.05636575042922e-008 -4.48526601821029
85 1.05646087433797e-008 -4.48526601820678
86 1.05757713697585e-008 -4.4852660182039
87 1.05660067362123e-008 -4.48526601820613
88 1.05682849138589e-008 -4.48526601820656
89 1.05666977390229e-008 -4.48526601820801
90 1.05700959096566e-008 -4.48526601820646
91 1.05651372095394e-008 -4.48526601820724
92 1.05676765116414e-008 -4.48526601820525
93 1.05692965490789e-008 -4.48526601820791
94 1.05638431335819e-008 -4.48526601820934
95 1.05666710936703e-008 -4.48526601820675
96 1.05701278840797e-008 -4.48526601820374
97 1.05688799934001e-008 -4.48526601820688
98 1.05654045512438e-008 -4.48526601820798
99 1.05665387550857e-008 -4.48526601820832
