0 72.5388829072918 -13.8361462854579
1 27.5972065734825 -22.9875496377423
2 13.5330240533607 -23.711224746884
3 7.52533341956552 -23.8387080271475
4 4.36471204659757 -23.8745178191571
5 2.48424329936177 -23.8839222291089
6 1.43537883845117 -23.886565861099
7 0.829186320625702 -23.887354354658
8 0.482797897371899 -23.8876057561862
9 0.281113859351365 -23.8876900515544
10 0.164366436018245 -23.8877194459901
11 0.0960448420382782 -23.8877299576907
12 0.0562340905953072 -23.8877337882089
13 0.0328914359345127 -23.8877352028902
14 0.0192517926084221 -23.8877357311988
15 0.0112544702625641 -23.8877359302937
16 0.00657860419273959 -23.8877360059379
17 0.003840088815938 -23.8877360348716
18 0.00224004039444381 -23.887736046018
19 0.00130463952098836 -23.8877360503256
20 0.000758974400451251 -23.8877360520106
21 0.000440731692215479 -23.8877360526709
22 0.000255518954158873 -23.8877360529276
23 0.00014781646516937 -23.8877360530208
24 8.53343070019719e-005 -23.8877360530682
25 4.91325551905675e-005 -23.8877360530889
26 2.82082454212684e-005 -23.8877360530978
27 1.61527270030604e-005 -23.8877360530909
28 9.21694436684106e-006 -23.8877360530939
29 5.24485320241297e-006 -23.8877360530937
30 2.97228491774604e-006 -23.8877360530927
31 1.68107655795779e-006 -23.8877360530946
32 9.52632436934664e-007 -23.8877360530975
33 5.39770240948201e-007 -23.8877360530977
34 3.16407682277031e-007 -23.887736053095
35 1.85050563317191e-007 -23.8877360531001
36 1.12524269013647e-007 -23.8877360530929
37 8.17984862067078e-008 -23.8877360531009
38 5.86250159528845e-008 -23.8877360530986
39 5.40088542777539e-008 -23.887736053097
40 4.7920131862611e-008 -23.887736053097
41 3.75763917759286e-008 -23.8877360530944
42 3.67035646320346e-008 -23.8877360531013
43 3.65364201115881e-008 -23.8877360530984
44 3.70406638694476e-008 -23.8877360530923
45 3.68962602692591e-008 -23.8877360530994
46 3.67884425145348e-008 -23.8877360530984
47 3.67464139117146e-008 -23.8877360530836
48 3.67100625453531e-008 -23.8877360530979
49 3.69103645425639e-008 -23.8877360530898
50 3.68869059741428e-008 -23.8877360530983
51 3.68927430827171e-008 -23.887736053096
52 3.68699986097454e-008 -23.8877360530952
53 3.68851864607223e-008 -23.8877360530971
54 3.68672417039306e-008 -23.887736053094
55 3.68552868224015e-008 -23.8877360530992
56 3.68896344582481e-008 -23.8877360530919
57 3.68532369066088e-008 -23.8877360530943
58 3.6897322530649e-008 -23.8877360530934
59 3.68457762078833e-008 -23.8877360530938
60 3.68900927583127e-008 -23.8877360530936
61 3.68570276521041e-008 -23.8877360530939
62 3.68874140121989e-008 -23.8877360530923
63 3.68568038311423e-008 -23.8877360530978
64 3.68841597264691e-008 -23.8877360530945
65 3.68563846109282e-008 -23.8877360530952
66 3.68856589716415e-008 -23.8877360530938
67 3.6862381591618e-008 -23.8877360530979
68 3.68703929609637e-008 -23.8877360530941
69 3.68665666883317e-008 -23.8877360530919
70 3.68718033882942e-008 -23.8877360530949
71 3.68593617849911e-008 -23.8877360530924
72 3.68872967726475e-008 -23.8877360530978
73 3.68552441898373e-008 -23.8877360530986
74 3.68817296703128e-008 -23.8877360530947
75 3.68662469441006e-008 -23.887736053092
76 3.68799533134734e-008 -23.8877360530978
77 3.6861994345827e-008 -23.8877360530951
78 3.68751855717164e-008 -23.8877360530897
79 3.68631241087769e-008 -23.887736053098
80 3.68686592366885e-008 -23.8877360530937
81 3.68735122435737e-008 -23.8877360530955
82 3.68653267912578e-008 -23.8877360530949
83 3.68778607651166e-008 -23.8877360530948
84 3.68733239497487e-008 -23.887736053087
85 3.68735193490011e-008 -23.8877360530862
86 3.68792640870197e-008 -23.8877360530905
87 3.68605981293513e-008 -23.887736053096
88 3.68785251225745e-008 -23.8877360530964
89 3.68610741929842e-008 -23.8877360530926
90 3.68785926241344e-008 -23.8877360530942
91 3.68654262672408e-008 -23.8877360530953
92 3.68806283290724e-008 -23.8877360530888
93 3.6866850905426e-008 -23.887736053089
94 3.6886582677198e-008 -23.8877360530916
95 3.68619978985407e-008 -23.8877360530934
96 3.68836552411267e-008 -23.8877360530928
97 3.68598414013377e-008 -23.8877360530923
98 3.68896699853849e-008 -23.8877360530906
99 3.68620369783912e-008 -23.8877360530928
