0 61.7802272229242 -10.347039492049
1 22.3239773586612 -18.7724396420611
2 10.5594961882206 -19.4344280540872
3 6.22190497391408 -19.5352723863382
4 3.64418140042843 -19.559730975039
5 2.05757032950027 -19.5662193853818
6 1.20154942472696 -19.5681492152226
7 0.691124772839959 -19.5687967318646
8 0.406205519247294 -19.5690271196315
9 0.235469283828518 -19.5691118434618
10 0.138706919603464 -19.5691435461571
11 0.0805836862207769 -19.5691555158303
12 0.0474285830557442 -19.5691600789737
13 0.0275370579744205 -19.5691618302686
14 0.0161663509838945 -19.5691625079108
15 0.00936598956016255 -19.5691627717784
16 0.00547907449702478 -19.5691628752242
17 0.00316404717376884 -19.5691629160067
18 0.00184276763667768 -19.5691629321645
19 0.00105956626216042 -19.5691629386068
20 0.000613713574715291 -19.5691629411685
21 0.000350873447665379 -19.5691629422024
22 0.000201817706823704 -19.5691629426168
23 0.000114504481434352 -19.5691629427842
24 6.52610137521492e-005 -19.5691629428535
25 3.66423170490293e-005 -19.56916294288
26 2.06274934164696e-005 -19.5691629428925
27 1.14085015567866e-005 -19.5691629428994
28 6.31614624069243e-006 -19.5691629428986
29 3.41536842540791e-006 -19.5691629428995
30 1.84421179483252e-006 -19.5691629428966
31 9.66235383259573e-007 -19.5691629428968
32 4.99148377741676e-007 -19.5691629428967
33 2.50202287332968e-007 -19.569162942901
34 1.27330412880156e-007 -19.569162942901
35 6.39613979558362e-008 -19.5691629428997
36 3.13621342229453e-008 -19.5691629428996
37 2.27005330089014e-008 -19.5691629428966
38 1.7443497313252e-008 -19.5691629429018
39 1.61307092128027e-008 -19.5691629428996
40 1.52656802754336e-008 -19.5691629428983
41 1.52354289184586e-008 -19.5691629428971
42 1.47023904162324e-008 -19.5691629429036
43 1.55957948777541e-008 -19.5691629428971
44 1.53777754974271e-008 -19.5691629428985
45 1.77932513167889e-008 -19.569162942902
46 1.77549885904682e-008 -19.5691629429011
47 1.80352763834435e-008 -19.5691629428966
48 1.7943477814697e-008 -19.5691629428945
49 1.79236252506598e-008 -19.5691629429011
50 1.87844513277469e-008 -19.5691629429005
51 1.8763500975183e-008 -19.5691629428995
52 1.89917450654775e-008 -19.5691629428943
53 1.89639060010904e-008 -19.5691629428987
54 1.89880182688285e-008 -19.5691629428981
55 1.89640090297871e-008 -19.5691629428989
56 1.8965636172652e-008 -19.5691629429022
57 1.8979307014888e-008 -19.569162942898
58 1.89641831127574e-008 -19.5691629428989
59 1.897216250768e-008 -19.5691629428984
60 1.89753421864225e-008 -19.5691629429026
61 1.89681728102187e-008 -19.5691629428992
62 1.89631137459401e-008 -19.5691629428964
63 1.89832789487809e-008 -19.5691629429011
64 1.89676967465857e-008 -19.5691629428939
65 1.89687234808389e-008 -19.5691629429037
66 1.89552800122783e-008 -19.5691629429001
67 1.89949354023611e-008 -19.5691629428972
68 1.89514146597958e-008 -19.5691629428992
69 1.89786568682848e-008 -19.5691629428942
70 1.89651458981643e-008 -19.569162942898
71 1.89778646131344e-008 -19.5691629428991
72 1.895450907341e-008 -19.569162942905
73 1.89821491858311e-008 -19.5691629428948
74 1.89566833341814e-008 -19.5691629429013
75 1.89737363598397e-008 -19.569162942906
76 1.8962328596217e-008 -19.5691629429015
77 1.89709759013112e-008 -19.5691629428993
78 1.89672881845127e-008 -19.5691629428972
79 1.89824511664938e-008 -19.5691629428983
80 1.89611242262799e-008 -19.5691629428975
81 1.89785396287334e-008 -19.5691629429009
82 1.89658706517548e-008 -19.5691629429039
83 1.89609252743139e-008 -19.5691629429
84 1.89715265719315e-008 -19.5691629429118
85 1.89601223610225e-008 -19.5691629429005
86 1.89754700841149e-008 -19.5691629429043
87 1.8952839297981e-008 -19.5691629429053
88 1.89826110386093e-008 -19.5691629428983
89 1.89579481002511e-008 -19.5691629428977
90 1.89758857516154e-008 -19.5691629429037
91 1.89591418120472e-008 -19.5691629429012
92 1.89747098033877e-008 -19.5691629429009
93 1.89649718151941e-008 -19.5691629428973
94 1.89856059762405e-008 -19.5691629429001
95 1.89509599124449e-008 -19.5691629428986
96 1.89916704584903e-008 -19.5691629429017
97 1.8950117919303e-008 -19.5691629428956
98 1.89869524547248e-008 -19.5691629429002
99 1.89634867808763e-008 -19.5691629428989
