#index=4
#b_uu = 0.1680 +\- 2e-4
#b_du = 0.3871 +\- 2e-4
#E= 8.6670840148464 +\- 5.82483493537581e-05
#E= 8.66708420200985 +\- 5.82497668149282e-05
#E= 8.66708416812878 +\- 5.8248605066745e-05
#E= 8.66708395134425 +\- 5.824702277064e-05
#E= 8.667084043671 +\- 5.82482399954303e-05
0.38786938464955345029 0.16734262245298678340 8.66714390132945311507 0.00018450758060811244 0.00354320767570470707 0.00082886800978343445
0.38751506388198297959 0.16725973565200843995 8.66690141047394035922 0.00018215906925757709 0.00013371890261737462 -0.00378726322391997883
0.38750169199172124213 0.16763846197440043784 8.66709451150169307709 0.00018464978662866040 -0.00006057404533521549 -0.00142919582213352214
0.38750774939625476367 0.16778138155661379005 8.66686645755769013988 0.00019349263594852512 0.00012027753815146980 -0.00021926053417331559
0.38749572164243961669 0.16780330761003112161 8.66689195667043144056 0.00018396423521757415 0.00131077304743598688 -0.00007536936941221484
0.38736464433769601801 0.16781084454697234309 8.66757225334031566888 0.00018329341508709030 0.00139240543539642658 0.00002897823403458233
0.38722540379415637535 0.16780794672356888486 8.66714437418270300384 0.00018269913948765849 -0.00035907616435792988 0.00035909750550899844
0.38726131141059216834 0.16777203697301798502 8.66741911631917716363 0.00018182776501912001 0.00410753608104386103 -0.00189664990113413978
0.38685055780248778223 0.16796170196313139900 8.66713660567870114448 0.00018348136150349442 -0.00067261312786115468 -0.00248489718224220724
0.38691781911527389770 0.16821019168135561972 8.66723816485560405454 0.00018281235481046291 -0.00159087148343672879 0.00178083571267251273
0.38707690626361757058 0.16803210811008836845 8.66696292823012015560 0.00018516413355179403 0.00155993782247065838 -0.00102217518271885410
0.38692091248137050474 0.16813432562836025386 8.66680814707365421157 0.00018466144869776360 -0.00177208452978305786 -0.00200522050164408938
0.38709812093434881053 0.16833484767852466280 8.66692480267520615200 0.00018350582327209190 -0.00226353136856261017 0.00159713416714168943
0.38732447407120507155 0.16817513426181049385 8.66711642448728269983 0.00018591707218214835 0.00103970578813061820 0.00124305532178681233
0.38722050349239200973 0.16805082872963181262 8.66714402186438270803 0.00018395145745344054 0.00032959214468775144 0.00009911957210562150
0.38718754427792323458 0.16804091677242125047 8.66727078420582053297 0.00018357459440870733 0.00238517228012824489 -0.00042093551755328917
0.38694902704991041009 0.16808301032417657939 8.66719768143280511197 0.00018367980697063941 0.00038031821336659277 0.00060231655574227716
0.38691099522857375081 0.16802277866860235167 8.66715468085978812951 0.00018261592642814612 0.00224487804612039099 -0.00152346339898912220
0.38668650742396171172 0.16817512500850126389 8.66714756187109536256 0.00018353609780087787 0.00068106866102368713 0.00184329701102825538
0.38661840055785934300 0.16799079530739843835 8.66752326451761589965 0.00018293395016823731 -0.00068638979922042154 0.00000843916581061421
0.38668703953778138516 0.16798995139081737693 8.66658121677146553452 0.00018280443609600854 -0.00007216482345029362 -0.00011018111312210976
0.38669425602012641452 0.16800096950212958791 8.66699140397088640952 0.00018445847765178651 -0.00288413194216019519 -0.00204309696716364897
0.38698266921434243404 0.16820527919884595280 8.66706013138813524677 0.00018221409314776591 -0.00383573636675293983 -0.00301259393165054234
0.38736624285101772802 0.16850653859201100704 8.66710455333001661415 0.00018303780427000505 0.00038535542579154480 0.00236525565444622998
0.38732770730843857354 0.16827001302656638404 8.66726241817749354368 0.00018720783434868300 0.00060528431689022000 0.00141307369450061060
0.38726717887674955154 0.16812870565711632298 8.66694426056769096078 0.00018410956328862159 0.00182970637396806524 -0.00067262966663150792
0.38708420823935274502 0.16819596862377947377 8.66686201911920583996 0.00018369026832443160 0.00031693129098897543 0.00046547732868162939
0.38705251511025384747 0.16814942089091131083 8.66736614283511386247 0.00018305276137205848 0.00069594665852434900 0.00234873742233077110
0.38698292044440141257 0.16791454714867823372 8.66715414883686463554 0.00018343416982484644 -0.00403771383261641859 0.00060171055427105102
0.38738669182766305443 0.16785437609325112862 8.66701735346009627392 0.00018374403011764387 -0.00015862554647583238 -0.00010421348317635193
0.38740255438231063767 0.16786479744156876381 8.66723861259445271799 0.00018769947561627176 -0.00167062699141240500 -0.00175640194122195226
0.38756961708145187817 0.16804043763569095904 8.66708131972207418414 0.00018464764321251138 0.00434773466828630717 0.00142001857916795871
0.38713484361462324745 0.16789843577777416317 8.66702726538515300092 0.00018304945186856800 -0.00045037717022466950 0.00029634781650855757
0.38717988133164571440 0.16786880099612330741 8.66725424061725924219 0.00018329819042231798 0.00030794432070990752 -0.00156995670597126491
0.38714908689957472365 0.16802579666672043390 8.66730523250741491381 0.00018434696222882692 -0.00025034905171139599 0.00052758114499340536
0.38717412180474586325 0.16797303855222109337 8.66707915007978435540 0.00018360037208290373 -0.00139073056626415337 0.00004158809119303442
0.38731319486137227859 0.16796887974310178993 8.66690873664013494704 0.00018431533285000594 0.00136357920865748383 -0.00206229141053171361
0.38717683694050653020 0.16817510888415496129 8.66683014414319963237 0.00018267956957242968 0.00184174231332434601 -0.00024296445122473642
0.38699266270917409560 0.16819940532927743493 8.66686598078804593115 0.00018340174415030613 -0.00317158263296590803 -0.00154874880209376897
0.38730982097247068641 0.16835428020948681183 8.66695544596620770506 0.00018223539664364224 0.00228199092600078757 0.00165761291714972003
0.38708162187987060765 0.16818851891777183982 8.66708173130163039843 0.00018376751648993184 -0.00192102553242534668 -0.00043195586485467174
0.38727372443311314232 0.16823171450425730700 8.66706400921713182584 0.00018574624185680962 0.00196624334147799118 -0.00030148390894879640
0.38707710009896534320 0.16826186289515218664 8.66695507294789635466 0.00018310502439849446 0.00085460653664881647 0.00157978121073654165
0.38699163944530046155 0.16810388477407853247 8.66699518445099847952 0.00018596208262149796 0.00378436852876973262 0.00150225691886163304
0.38661320259242348829 0.16795365908219236917 8.66706229104436332022 0.00018435768414918228 -0.00002082167505079724 -0.00233651471859275262
0.38661528475992856801 0.16818731055405164443 8.66678810466133242585 0.00018606336444710505 -0.00370734836785402422 -0.00278515130602841054
0.38698601959671397044 0.16846582568465448548 8.66730633868377076112 0.00018269066435752578 0.00111261868696033162 0.00115551407020575425
0.38687475772801793727 0.16835027427763391006 8.66686511793438185691 0.00018682939648820572 0.00327871982630512093 0.00202600019250098740
0.38654688574538742518 0.16814767425838381132 8.66686354206468934080 0.00018325640881796925 0.00001184479625493395 0.00174491613247340638
0.38654570126576193179 0.16797318264513647068 8.66692592320345944756 0.00018378778043867612 -0.00381864646659124674 -0.00164764061327815625
0.38692756591242105646 0.16813794670646428631 8.66693478874283229629 0.00018266380508584392 -0.00157193366412400337 -0.00190482507189670969
0.38708475927883345680 0.16832842921365395727 8.66698882285929350644 0.00018369744957050970 0.00045815113303149246 0.00075740521232603442
0.38703894416553030755 0.16825268869242135383 8.66710196479853145490 0.00018486617954327174 0.00029639497967082207 -0.00122851987960359565
0.38700930466756322534 0.16837554068038171340 8.66659912492567308107 0.00018255138198773998 -0.00180164857521702970 0.00053217956796913768
0.38718946952508492831 0.16832232272358479963 8.66676723102179025204 0.00018792538206033137 0.00127689913309581016 0.00192391488429421997
0.38706177961177534730 0.16812993123515537763 8.66687469123622200584 0.00018405712689939323 -0.00260408323526917229 0.00020710733750206600
0.38732218793530226453 0.16810922050140517103 8.66738122045108028146 0.00018280679088528924 0.00368978174414280602 -0.00012725431108862040
0.38695320976088798393 0.16812194593251403307 8.66686597191366381310 0.00018603477252905794 0.00210122574451077071 0.00214932270292678140
0.38674308718643690685 0.16790701366222135493 8.66723363271198010693 0.00018425392933637188 -0.00229192256639976222 -0.00168958469526359067
0.38697227944307688308 0.16807597213174771400 8.66721326846515793818 0.00018296138744218542 -0.00132146639142405320 0.00161964022904470539
0.38710442608221928840 0.16791400810884324346 8.66706852494161239520 0.00018342185897897965 -0.00234949207644774560 -0.00094617701940080678
0.38733937528986406296 0.16800862581078332414 8.66720787277092341583 0.00018295382602583272 0.00353641513228808435 0.00104860695238073731
0.38698573377663525452 0.16790376511554525041 8.66722433067101682980 0.00018329774810018262 0.00167646380688779573 -0.00048750087255911012
0.38681808739594647495 0.16795251520280116142 8.66671498509631454965 0.00018170777824345267 0.00082804139189818216 0.00157262948974334904
0.38673528325675665673 0.16779525225382682652 8.66704510971349861848 0.00018271439619125168 -0.00289366014794012472 -0.00187871124701644021
0.38702464927155066921 0.16798312337852847054 8.66724864698147712261 0.00018420961825620194 -0.00155019801617584108 -0.00197720137506962601
0.38717966907316825331 0.16818084351603543314 8.66722501077566676031 0.00018349973184899495 -0.00059617093395303300 -0.00149671100846404670
0.38723928616656355661 0.16833051461688183781 8.66729512716979044740 0.00018329610208095412 0.00023373021029726715 0.00188749116425412922
0.38721591314553382990 0.16814176550045642489 8.66737293037372680260 0.00018338397047802793 0.00319141497939767760 0.00168507228259784370
0.38689677164759406214 0.16797325827219664052 8.66721616128417338132 0.00018348788958629054 -0.00120480732590522166 -0.00172822435562380861
0.38701725238018458430 0.16814608070775902138 8.66744185479849171827 0.00018250746489747235 0.00232911497821675084 0.00212080969674843800
0.38678434088236290922 0.16793399973808417758 8.66719423059095461781 0.00018484067237364664 -0.00321325283625384372 0.00022677494815326327
0.38710566616598829359 0.16791132224326885125 8.66703142230445422456 0.00018542255355620952 -0.00184675073455764505 -0.00206511432754297175
0.38729034123944405810 0.16811783367602314843 8.66730074183331922200 0.00018502454655985965 0.00011926787468752309 0.00021788301474146010
0.38727841445197530579 0.16809604537454900242 8.66724795803049197218 0.00018326609945651398 0.00014554912119990604 0.00191156356255106630
0.38726385953985531518 0.16790488901829389579 8.66751218860141747768 0.00018552166220317238 0.00407237248634118032 0.00129277377247660752
0.38685662229122119715 0.16777561164104623503 8.66704407759765871333 0.00018223551147239459 -0.00510998543390428495 -0.00105587617493796415
0.38736762083461162565 0.16788119925854003145 8.66696413279749755532 0.00018375639551347495 0.00016508652933566736 -0.00167279167051503919
0.38735111218167805891 0.16804847842559153537 8.66728228150975610333 0.00018528485515582611 0.00196733550339445173 0.00165987002098688663
0.38715437863133861374 0.16788249142349284670 8.66698025917190761902 0.00018306128738864764 -0.00184179083095870055 -0.00017765647708500865
0.38733855771443448379 0.16790025707120134757 8.66731073052001832480 0.00018383706897627885 -0.00055376834584563994 -0.00039936178808375189
0.38739393454901904779 0.16794019325000972276 8.66691636786172736606 0.00018340664513661294 0.00106609304140192762 -0.00276882191130312094
0.38728732524487885502 0.16821707544114003485 8.66746328877833782656 0.00018283776378668094 0.00157362844532826784 0.00081880828872726852
0.38712996240034602824 0.16813519461226730800 8.66730782913509045784 0.00018310652266375285 0.00042200867778063866 -0.00014447651164317676
0.38708776153256796437 0.16814964226343162568 8.66712915009242657050 0.00018265822443236263 0.00022715000014272846 -0.00028135661267469914
0.38706504653255369153 0.16817777792469909559 8.66702890080924603922 0.00018334258873207694 -0.00001030013319081036 0.00002835476209384069
0.38706607654587277256 0.16817494244848971152 8.66714247062039078173 0.00018266264257933069 0.00045360233791313931 0.00166494623776713979
0.38702071631208145863 0.16800844782471299754 8.66683485032403666537 0.00018278619545069542 -0.00038077669728409091 -0.00066869056247753633
0.38705879398180986772 0.16807531688096075118 8.66698329994281202460 0.00018348648849382421 -0.00256902472006714788 -0.00115654446908308728
0.38731569645381658251 0.16819097132786905990 8.66712221121548331837 0.00018415145865838026 0.00215633241928969710 -0.00062083337759588630
0.38710006321188761280 0.16825305466562864853 8.66717651413735445942 0.00018353769606495066 0.00003292297101609165 0.00182107204338421980
0.38709677091478600364 0.16807094746129022655 8.66729412185923919765 0.00018442475231425083 0.00532496070260179977 0.00145538464213501584
0.38656427484452582366 0.16792540899707672497 8.66763145716468486057 0.00018241100179481543 -0.00383941758386185938 -0.00186984638705922634
0.38694821660291200960 0.16811239363578264761 8.66697639631630423196 0.00018346310083484213 0.00316184087889581633 0.00163176716760915497
0.38663203251502242797 0.16794921691902173211 8.66708506644833143184 0.00018481289410881855 -0.00357161184005860832 -0.00206875826513908123
0.38698919369902828880 0.16815609274553564023 8.66734682089677299643 0.00018345186470405286 0.00163428993094072439 0.00103356924885389390
0.38682576470593421636 0.16805273582065025084 8.66708814600809773765 0.00018294544798403309 -0.00278556866106782763 -0.00258743102232728006
0.38710432157204099912 0.16831147892288297885 8.66683585532558886655 0.00018288598014035850 -0.00284121683691296312 -0.00241236389442178734
0.38738844325573229543 0.16855271531232515758 8.66731426518422942706 0.00018294821101068901 0.00309638813078549902 0.00347687020685327752
0.38707880444265374553 0.16820502829163982983 8.66709782198949518772 0.00018293666467054638 -0.00099060759684022059 0.00162751433308017113
0.38717786520233776759 0.16804227685833181272 8.66700271167955982321 0.00018546754041273554 -0.00124017241720508764 -0.00262782999982391630
0.38730188244405827636 0.16830505985831420435 8.66719202477787753480 0.00018301798937521405 0.00184194576746676830 -0.00308460135922672407
0.38711768786731159953 0.16861351999423687675 8.66707858818220344688 0.00018270353705694830 0.00511785007173415352 0.00327433972469037826
0.38660590286013818417 0.16828608602176783893 8.66698753313244196761 0.00018367672437124931 -0.00448201420777394333 -0.00226149458892876964
0.38705410428091557851 0.16851223548066071589 8.66694772637672450344 0.00018425476212798929 0.00343230570454267081 0.00303715657157255237
0.38671087371046131143 0.16820851982350346066 8.66706955320528571463 0.00018500235706092971 0.00001379083691688265 0.00054432578000529475
0.38670949462676962316 0.16815408724550293118 8.66758026822301275160 0.00018483378183489974 -0.00288797303937826655 0.00012731175580427134
0.38699829193070744981 0.16814135606992250405 8.66711969382163793796 0.00018794800273565687 -0.00113431242265704668 0.00174375904382628732
0.38711172317297315448 0.16796698016553987531 8.66691212237713060063 0.00018322957936902094 0.00003879350796154313 0.00040072264440027539
0.38710784382217700017 0.16792690790109984778 8.66698642546586661695 0.00018440072251748997 0.00211766031910087804 0.00148945219358154191
0.38689607779026691237 0.16777796268174169358 8.66699043119890966125 0.00018308945592457673 -0.00113488464581479320 -0.00145550441388309082
0.38700956625484839169 0.16792351312313000267 8.66702554778592748619 0.00018258722502857946 -0.00011582640002671951 -0.00211437370634115496
0.38702114889485106364 0.16813495049376411816 8.66723317660964198694 0.00018233375065709490 -0.00050806380880175084 0.00138420203210642967
0.38707195527573123872 0.16799653029055347520 8.66702497455778875235 0.00018418299050911830 -0.00059257652562649810 -0.00047231818811610538
0.38713121292829388853 0.16804376210936508573 8.66710347434021954882 0.00018275344638774105 0.00122083359865854391 0.00302145037789358639
0.38700912956842803414 0.16774161707157572709 8.66704319340355766599 0.00018486815627192577 -0.00232968884184003855 -0.00073461604443991746
0.38724209845261203800 0.16781507867601971884 8.66685915013862029355 0.00018323960755827168 -0.00253073795875025098 0.00064569189905938629
0.38749517224848706309 0.16775050948611378021 8.66703431637705001833 0.00018445599883619432 -0.00048747444925112404 -0.00128283959810460146
0.38754391969341217550 0.16787879344592424036 8.66682904705713674787 0.00018283885647749410 0.00007522976464002795 -0.00264488153156605676
0.38753639671694817270 0.16814328159908084603 8.66714676658508942353 0.00018499395644242387 0.00223611761995812230 0.00193245942003983373
