0.39711917333178725631 0.17506993160109424190 11.80217440339266232741 0.00020499014886999720 0.00556892384029339382 0.00183906568640423984
0.39656228094775791693 0.17488602503245381792 11.80194821234236179919 0.00020446524974785025 0.00026604098124494158 0.00043190519161129259
0.39653567684963342277 0.17484283451329268866 11.80208598056106872320 0.00020287188657423783 -0.00099718393364867097 0.00201298523183623956
0.39663539524299828987 0.17464153599010906470 11.80182797394097526933 0.00020325105408135229 -0.00081789907824258989 -0.00315009971529889299
0.39671718515082254886 0.17495654596163895400 11.80179296495735208339 0.00020461957775736784 -0.00018319775740849309 -0.00000704436242671136
0.39673550492656339816 0.17495725039788162514 11.80224775929401026531 0.00020323478434072190 -0.00084581924664206554 0.00316022675495020167
0.39682008685122760472 0.17464122772238660497 11.80196681941360381529 0.00020250178831116394 0.00107781892921821054 -0.00018802627721470344
0.39671230495830578366 0.17466003035010807531 11.80215493115933966806 0.00020269135382895709 -0.00203647466623380069 0.00041187162302946945
0.39691595242492916373 0.17461884318780512837 11.80205864123783143782 0.00020305453071324086 -0.00072045000720777352 0.00037049970647018426
0.39698799742564994109 0.17458179321715810994 11.80162989008403506830 0.00020340359137996930 -0.00118262010584402333 -0.00135156810721070997
0.39710625943623434342 0.17471695002787918094 11.80222989096058050507 0.00020467682759992838 0.00293132451734123833 0.00185380350892216939
0.39681312698450021959 0.17453156967698696400 11.80181299537731476335 0.00020290014418178619 -0.00477324346004337485 -0.00354364690746677979
0.39729045133050455707 0.17488593436773364198 11.80203766862767444934 0.00021104084507236935 0.00305396819832992605 0.00174831097421446202
0.39698505451067156446 0.17471110327031219578 11.80210168833890271856 0.00020421537500839131 0.00140917644309013212 0.00053463739213555073
0.39684413686636255125 0.17465763953109864071 11.80215101336289151845 0.00020391673433595273 0.00236997726865695313 0.00015904484396145335
0.39660713913949685594 0.17464173504670249537 11.80181725512564483438 0.00020340477579943426 -0.00503727298983847049 -0.00181311772884384936
0.39711086643848070299 0.17482304681958688031 11.80190234625808010094 0.00020358816225267510 0.00212901041152235848 -0.00018651765465449444
0.39689796539732846714 0.17484169858505232975 11.80211744966754849884 0.00020435957645546294 -0.00078214007892540849 -0.00069952015380181365
0.39697617940522100799 0.17491165060043251112 11.80188773509853028543 0.00020343290092160197 0.00491504707689216502 0.00215173486228792399
0.39648467469753179149 0.17469647711420371872 11.80217438625945547415 0.00020694878958451158 -0.00223445759583995596 0.00154476747038501117
0.39670812045711578708 0.17454200036716521760 11.80188714815099437772 0.00020478936536364367 -0.00271695240527947135 -0.00082775755583242017
0.39697981569764373422 0.17462477612274845962 11.80219881124203773481 0.00020332500720772570 -0.00006284843312442945 -0.00047944751102590999
0.39698610054095617716 0.17467272087385105062 11.80195135768633640794 0.00020380457004973260 -0.00174255703733194878 -0.00156749759661067856
0.39716035624468937204 0.17482947063351211847 11.80153109276424672203 0.00020430667073350337 0.00277663833969654661 0.00402611561511889704
0.39688269241071971738 0.17442685907200022877 11.80187781527448898089 0.00020596263602505526 -0.00075553992218146959 -0.00236226004179940219
0.39695824640293786434 0.17466308507618016899 11.80237976110401199037 0.00020547438812752036 -0.00568641226106336717 -0.00119851325131037356
0.39752688762904420106 0.17478293640131120634 11.80224302060347696397 0.00020309041063780664 0.00822725008298164084 0.00467643975632370257
0.39670416262074603697 0.17431529242567883609 11.80175527537234536624 0.00020516760282716673 -0.00280655886886194139 -0.00225195969871805346
0.39698481850763223111 0.17454048839555064143 11.80196548152984092894 0.00020504450959910340 -0.00001523049686369404 0.00112828745990611878
0.39698634155731860051 0.17442765964956002955 11.80196698094344576191 0.00020744841984606232 -0.00232050174986397906 -0.00144527809098349280
0.39721839173230499842 0.17457218745865837883 11.80176128894466458519 0.00020403721062702728 0.00084894221252795887 -0.00056399537573526004
0.39713349751105220253 0.17462858699623190484 11.80229798135607488518 0.00020411192135051502 0.00177570849935193564 0.00224741971788233741
0.39695592666111700897 0.17440384502444367110 11.80179751293650980415 0.00020465010165263183 -0.00132435249788898091 -0.00026184433199460955
0.39708836191090590706 0.17443002945764313205 11.80201053733673610679 0.00020535380486851087 0.00259166421212597697 0.00185776945116344905
0.39682919548969330936 0.17424425251252678715 11.80191960873556489275 0.00020338373978132725 -0.00529341245592007681 -0.00430647690752294920
0.39735853673528531704 0.17467490020327908207 11.80207249251900414322 0.00020589273726116455 0.00168358565932891224 -0.00028170582311304315
0.39719017816935242582 0.17470307078559038638 11.80186686817487817791 0.00020709965607805867 0.00165197997059607360 0.00110609360959301739
0.39702498017229281846 0.17459246142463108464 11.80194482088354313021 0.00020371793057190172 0.00462629945552350819 0.00426737836978219320
0.39656235022674046764 0.17416572358765286532 11.80178987991007488745 0.00020375043206633531 -0.00345856409644795804 -0.00527047595078045106
0.39690820663638526344 0.17469277118273091043 11.80193413156547777021 0.00020396038530717827 0.00030176964571637654 0.00051096620534707426
0.39687802967181362579 0.17464167456219620300 11.80213355779734740736 0.00020390378246340545 0.00183849787482870397 0.00022899278828703018
0.39669417988433075539 0.17461877528336749998 11.80222540218738025430 0.00020379950832955071 -0.00038538161994949860 0.00013306176782634793
0.39673271804632570525 0.17460546910658486519 11.80149259316187126956 0.00020464868756264843 0.00197626443387832751 -0.00099040359557989177
0.39653509160293787250 0.17470450946614285437 11.80166323020483076789 0.00020520314944953569 -0.00050974469001374700 -0.00114148791841017783
0.39658606607193924720 0.17481865825798387215 11.80209188528820796193 0.00020493571031198095 -0.00411364905694711069 -0.00243336133110005903
0.39699743097763395827 0.17506199439109387805 11.80200843361778773044 0.00020450074420696868 0.00458174950868084352 0.00431757723706738261
0.39653925602676587392 0.17463023666738713979 11.80210812522331842445 0.00020396027426904863 -0.00374323669927179026 -0.00305384777288253417
0.39691357969669305295 0.17493562144467539321 11.80174160636276603498 0.00020497366573773149 0.00114776932935711784 0.00009436630499237708
0.39679880276375734116 0.17492618481417615550 11.80215108181832484036 0.00020354318874504735 0.00184679193004910758 0.00179527824606395825
0.39661412357075243040 0.17474665698956975968 11.80215567069989646143 0.00020334850532832032 -0.00160040550145623683 -0.00182374685486763610
0.39677416412089805409 0.17492903167505652329 11.80189184150502335058 0.00020474879045247587 0.00161983720303737755 0.00243795656196255095
0.39661218040059431633 0.17468523601886026819 11.80208117126619349335 0.00020418530510944214 0.00020306390791091644 -0.00042184269144485143
0.39659187400980322469 0.17472742028800475333 11.80206774714752526734 0.00020610208737317621 0.00019363811709638412 0.00163885185866519123
0.39657251019809358628 0.17456353510213823421 11.80210165251620146876 0.00020287436403258638 0.00140240160018123561 0.00126862121963000618
0.39643227003807546271 0.17443667298017523359 11.80219379158254611184 0.00020385430963876309 0.00008736328549474592 0.00131225281041480457
0.39642353370952598812 0.17430544769913375314 11.80211357216920831092 0.00020445145629515417 0.00031415794499167760 -0.00316176384629329732
0.39639211791502682036 0.17462162408376308287 11.80236667760119573245 0.00020424675751977263 -0.00264540780658961694 -0.00248380821066263024
0.39665665869568578206 0.17487000490482934589 11.80175833692889497684 0.00020424036635623927 0.00286118542902613626 0.00625201170389999561
0.39637054015278316843 0.17424480373443934633 11.80244699154827259235 0.00020615122193950842 -0.00367745979268363499 -0.00178294123109878910
0.39673828613205153193 0.17442309785754922524 11.80224846614716405213 0.00020518488726173231 -0.00134229072035196850 -0.00158874377209627937
0.39687251520408672878 0.17458197223475885318 11.80197161113891191064 0.00020351221858693101 -0.00006756381143446788 0.00154785408934543511
0.39687927158523017557 0.17442718682582430967 11.80186648656393266776 0.00020539495835184579 0.00007449617456245505 -0.00267073577742138468
0.39687182196777393006 0.17469426040356644814 11.80212177173316412393 0.00020277372179989991 -0.00357122970751078128 -0.00011060506732718522
0.39722894493852500819 0.17470532091029916666 11.80224854924987099025 0.00020380665011551647 0.00481701200527595574 0.00053768986063573720
0.39674724373799741262 0.17465155192423559294 11.80243062893457306473 0.00020404174512251346 0.00272799182177152488 0.00243215295370191598
0.39647444455582026013 0.17440833662886540134 11.80196234030029778239 0.00020433408410901755 -0.00259696418236643467 -0.00412401569516163136
0.39673414097405690359 0.17482073819838156448 11.80187388957335237194 0.00020310179197457654 -0.00191343062017068632 0.00124803948864382619
0.39692548403607397223 0.17469593424951718186 11.80220456608898693673 0.00020336213070272830 -0.00094197665401196673 0.00126087469176638933
0.39701968170147516890 0.17456984678034054292 11.80177360281327203495 0.00020485180056994918 0.00107034628005209242 0.00040242584464778020
0.39691264707346995966 0.17452960419587576490 11.80206235093367794775 0.00020348510563522208 -0.00086958950351601061 0.00149164461582529384
0.39699960602382156072 0.17438043973429323552 11.80185103141302427332 0.00020502662631907733 0.00029672712109629629 -0.00064678883759938799
0.39696993331171193109 0.17444511861805317432 11.80171462110834390558 0.00020306906644543921 -0.00009968253333880739 -0.00046154830624089982
0.39697990156504581183 0.17449127344867726430 11.80216690328531115028 0.00020364165302958249 0.00426048403667778075 0.00075494523699148885
0.39655385316137803375 0.17441577892497811542 11.80207222605128158932 0.00020353758838922834 -0.00224311652363695657 0.00065624695899657581
0.39677816481374172941 0.17435015422907845783 11.80172295105047908237 0.00020463384711785703 0.00159139789435158718 -0.00101396093032946055
0.39661902502430657069 0.17445155032211140389 11.80202552145113870097 0.00020503177906016005 -0.00726492500735531621 -0.00384804200947996833
0.39734551752504210231 0.17483635452305940072 11.80168684359133202122 0.00020330406539358762 0.00102697708115329078 0.00328562546503263775
0.39724281981692677324 0.17450779197655613695 11.80188493413716344094 0.00020531577178433378 0.00029386521394059173 0.00010257339422281575
0.39721343329553271406 0.17449753463713385537 11.80212541186141272931 0.00020345625853102951 0.00531666672465291867 0.00196372866057004103
0.39668176662306742219 0.17430116177107685127 11.80224866498059377307 0.00020484658014586623 -0.00644800611038220950 -0.00202815230299080440
0.39732656723410564314 0.17450397700137593171 11.80196876194075450428 0.00020424945466448262 0.00282516393390608300 0.00099037705325599745
0.39704405084071503484 0.17440493929605033196 11.80190971764921314957 0.00020428328831401698 0.00096082301226374511 -0.00004501124539757484
0.39694796853948866033 0.17440944042059008945 11.80184857805961584631 0.00020445519520075059 -0.00643088220364518293 -0.00547998514832670480
0.39759105675985317863 0.17495743893542275993 11.80243045741690544048 0.00020288255598214554 0.00686602869137686866 0.00407864866058815778
0.39690445389071549176 0.17454957406936394415 11.80226664205842723732 0.00020504822848272706 0.00244465277265959458 -0.00015508696815658141
0.39665998861344953230 0.17456508276617960229 11.80188538487101368446 0.00020276102538633426 -0.00227311324252355007 0.00074505850200523582
0.39688729993770188731 0.17449057691597907871 11.80173562128685205153 0.00020409946959999131 -0.00057177223133919597 -0.00077954760868692574
0.39694447716083580691 0.17456853167684777128 11.80197079513188285205 0.00020365216057204125 0.00326053777666146516 0.00223864783954752511
0.39661842338316966039 0.17434466689289301877 11.80236215860673887335 0.00020655871868105049 0.00091220703168914952 -0.00190892416718213553
0.39652720268000074544 0.17453555930961123233 11.80177506002850940092 0.00020309693550214482 -0.00286177847819146791 -0.00055817521626977395
0.39681338052781989223 0.17459137683123820972 11.80160665639244399472 0.00020422776184620913 0.00198035408693897352 -0.00004342032244863958
0.39661534511912599488 0.17459571886348307368 11.80195906143574369196 0.00020456709196120049 0.00095142736089570690 0.00269277834252790171
0.39652020238303642419 0.17432644102923028351 11.80194378849130032449 0.00020501949201466547 -0.00245099636408951937 -0.00382972803425474240
0.39676530201944537612 0.17470941383265575775 11.80224037617818844126 0.00020448765939214296 0.00182714188756705198 0.00120394802127776757
0.39658258783068867093 0.17458901903052798099 11.80202619291617160968 0.00020703180426037034 -0.00156429072983854667 -0.00163470703462564870
0.39673901690367252559 0.17475248973399054586 11.80184337238401681702 0.00020489096056127294 -0.00052856305998716380 -0.00162474735265760728
0.39679187320967124197 0.17491496446925630659 11.80201166319323036191 0.00020333569386482857 -0.00187253156802569265 0.00352473544840137265
0.39697912636647381124 0.17456249092441616932 11.80223326873113798285 0.00020417218594755135 -0.00110430196276212200 -0.00223697391721344729
0.39708955656275002344 0.17478618831613751405 11.80204453286378196708 0.00020342904845405409 0.00544008278424712444 0.00331186070567923707
0.39654554828432531099 0.17445500224556959035 11.80197458692318690510 0.00020407506531385904 -0.00117921330122783274 0.00100016175075268166
0.39666346961444809427 0.17435498607049432218 11.80213697618340162876 0.00020383976702332778 -0.00319944101523361724 -0.00178498687031236614
0.39698341371597145599 0.17453348475752555879 11.80175285838882182077 0.00020349985211158504 -0.00434333089849303633 -0.00195382663203957918
0.39741774680582075963 0.17472886742072951671 11.80200590114190717372 0.00020386198991516300 0.00508243696284438329 0.00238445798039776946
0.39690950310953632130 0.17449042162268973977 11.80176503625291317690 0.00020355066252515636 -0.00121990070844901766 0.00003376926827058924
0.39703149318038122306 0.17448704469586268084 11.80187619310900259961 0.00020357242567700716 0.00114537687423421630 0.00143984020084531039
0.39691695549295780143 0.17434306067577814980 11.80208798223898014612 0.00020844230266035279 0.00025853045482193693 -0.00191587773645807147
0.39689110244747560774 0.17453464844942395695 11.80188538483968585524 0.00020265453599030301 -0.00161683542110324652 0.00090396338059406389
0.39705278598958593239 0.17444425211136455056 11.80185398573562949309 0.00020531046708958017 0.00103515462424041971 0.00109540591175516511
0.39694927052716189042 0.17433471152018903405 11.80185157490913461231 0.00020378656441558238 -0.00013218651062629760 0.00073463902783288404
0.39696248917822452018 0.17426124761740574565 11.80210002342608355264 0.00020401298727740962 -0.00076914403823735711 -0.00116346213641094209
0.39703940358204825589 0.17437759383104683986 11.80239875204332200553 0.00020358361054423520 0.00364101792360571608 0.00306096790669840857
0.39667530178968768428 0.17407149704037699900 11.80173627378539080723 0.00020440118158962867 -0.00350763850587298975 -0.00199697046276980927
0.39702606564027498326 0.17427119408665397993 11.80197708711211923571 0.00020407950951319820 0.00002057874315397612 0.00002934070231219721
0.39702400776595958565 0.17426826001642276021 11.80216509428957039063 0.00020352634367021340 0.00167662518979483366 -0.00078270326220319930
0.39685634524698010228 0.17434653034264308014 11.80173775626887433532 0.00020518884037696038 -0.00036010990278612098 -0.00000149886147937650
0.39689235623725871438 0.17434668022879101779 11.80171019459382186767 0.00020379486989074170 -0.00175847727401645670 -0.00197799376522311832
0.39706820396466036005 0.17454447960531332962 11.80193589996873626546 0.00020403603460040224 0.00306838974140077880 0.00133606712893197255
0.39676136499052028217 0.17441087289242013236 11.80223752548264570805 0.00020399329344839392 -0.00005166707151005312 0.00011732851845636105
0.39676653169767128748 0.17439914004057449626 11.80174189810880136520 0.00020394287461997533 -0.00303563181969224161 -0.00310484609222783092
0.39707009487964051164 0.17470962464979727935 11.80187670351689455117 0.00020335151029306149 -0.00024337303283772371 -0.00151534114944951170
