#index=2
#b_uu = \
#b_du = 0.2975 +\- 2e-4
#E= 1.66036428514857 +\- 1.24479438557801e-05
#E= 1.66036428514857 +\- 1.24479438557801e-05
#E= 1.66036427473428 +\- 1.24631204548164e-05
#E= 1.66036428514857 +\- 1.24479438557801e-05
#E= 1.66036435442162 +\- 1.24329920251281e-05
0.29679711331693980902 1.00000000000000000000 1.66039664820256072097 0.00003946500370889300 -0.00072392292393974600 0.00000000000000000000
0.29686950560933378362 1.00000000000000000000 1.66030797633910398581 0.00003961664037941153 -0.00227435484712046332 0.00000000000000000000
0.29709694109404582996 1.00000000000000000000 1.66037083612300895297 0.00003944635716845520 -0.00151218714450340741 0.00000000000000000000
0.29724815980849617070 1.00000000000000000000 1.66032264640212257056 0.00003960252854816494 0.00217323301510141675 0.00000000000000000000
0.29703083650698602902 1.00000000000000000000 1.66032889619923240687 0.00003960519842384579 0.00007924456801866597 0.00000000000000000000
0.29702291205018416242 1.00000000000000000000 1.66035101753451086459 0.00003941696349917827 -0.00015536259578841083 0.00000000000000000000
0.29703844830976300351 1.00000000000000000000 1.66035387917485777187 0.00003945230151492729 -0.00088042139034794076 0.00000000000000000000
0.29712649044879779758 1.00000000000000000000 1.66043294323390466793 0.00003932767134323980 -0.00182979317253639806 0.00000000000000000000
0.29730946976605143739 1.00000000000000000000 1.66032065539588380432 0.00003944634696303738 -0.00121697940014264816 0.00000000000000000000
0.29743116770606570221 1.00000000000000000000 1.66043438928059727822 0.00003924933552864392 -0.00117592366233321144 0.00000000000000000000
0.29754876007229902335 1.00000000000000000000 1.66031314104456262370 0.00003945500767608034 -0.00120262459957221068 0.00000000000000000000
0.29766902253225624442 1.00000000000000000000 1.66034566871682498501 0.00003936529571106629 0.00164320912610094183 0.00000000000000000000
0.29750470161964615023 1.00000000000000000000 1.66035011664833875855 0.00003944373049775165 -0.00058585810336353461 0.00000000000000000000
0.29756328742998250370 1.00000000000000000000 1.66030941065087178643 0.00003947400053143196 0.00107344920896590423 0.00000000000000000000
0.29745594250908591327 1.00000000000000000000 1.66036378455161748313 0.00003928362956650641 0.00068800777142108416 0.00000000000000000000
0.29738714173194380486 1.00000000000000000000 1.66039282935813692355 0.00003937177981762045 0.00007737345886216218 0.00000000000000000000
0.29737940438605758864 1.00000000000000000000 1.66032467748910894656 0.00003944367924176268 0.00085217992074060334 0.00000000000000000000
0.29729418639398352830 1.00000000000000000000 1.66046309981228423780 0.00003904894862445060 -0.00157880904316787252 0.00000000000000000000
0.29745206729830031556 1.00000000000000000000 1.66038141720591747585 0.00003936029921222749 0.00007929446332877177 0.00000000000000000000
0.29744413785196743838 1.00000000000000000000 1.66037526682852298876 0.00003943739723918965 -0.00003988496299900390 0.00000000000000000000
0.29744812634826733877 1.00000000000000000000 1.66035340758222704771 0.00003935929934353630 -0.00073372459041820548 0.00000000000000000000
0.29752149880730915932 1.00000000000000000000 1.66032299473756461694 0.00003944312693025829 -0.00073943736900172752 0.00000000000000000000
0.29759544254420933207 1.00000000000000000000 1.66040154481068680248 0.00003928833954322797 -0.00083259483829589698 0.00000000000000000000
0.29767870202803892177 1.00000000000000000000 1.66036307144620942644 0.00003927919767375971 0.00039718922151266156 0.00000000000000000000
0.29763898310588765561 1.00000000000000000000 1.66033984348266150377 0.00003947177659312497 -0.00030311108567548928 0.00000000000000000000
0.29766929421445520454 1.00000000000000000000 1.66038038610671834228 0.00003930078305666199 -0.00094443478637629141 0.00000000000000000000
0.29776373769309283368 1.00000000000000000000 1.66042375038773681872 0.00003908389930813753 -0.00010137315231695254 0.00000000000000000000
0.29777387500832452893 1.00000000000000000000 1.66033490884255674480 0.00003943344869713147 0.00132158843746399413 0.00000000000000000000
0.29764171616457812952 1.00000000000000000000 1.66032653316956024803 0.00003935691164683064 0.00245910597396203912 0.00000000000000000000
0.29739580556718192561 1.00000000000000000000 1.66029121216016517515 0.00003952630897121491 -0.00052793258165095835 0.00000000000000000000
0.29744859882534702145 1.00000000000000000000 1.66034871893071311888 0.00003942116705824473 0.00087269920667765177 0.00000000000000000000
0.29736132890467925627 1.00000000000000000000 1.66036206988105550231 0.00003935138911998719 -0.00075022272760794095 0.00000000000000000000
0.29743635117744005036 1.00000000000000000000 1.66040729835230727041 0.00003930923253019769 -0.00082503769593955667 0.00000000000000000000
0.29751885494703400603 1.00000000000000000000 1.66041376512324889703 0.00003917582310580971 -0.00065146804484328413 0.00000000000000000000
0.29758400175151833444 1.00000000000000000000 1.66033541957675900846 0.00003945346158750324 0.00071309013927045584 0.00000000000000000000
0.29751269273759128886 1.00000000000000000000 1.66032260399556119701 0.00003949215527502338 0.00000578262204786739 0.00000000000000000000
0.29751211447538650212 1.00000000000000000000 1.66042861699027222144 0.00003929633172859172 0.00112402231944308539 0.00000000000000000000
0.29739971224344219358 1.00000000000000000000 1.66035888175243040443 0.00003946173889402310 0.00150135007770391127 0.00000000000000000000
0.29724957723567180246 1.00000000000000000000 1.66030959652401111093 0.00003953621510928478 0.00021257787752304580 0.00000000000000000000
0.29722831944791949788 1.00000000000000000000 1.66035208792361932417 0.00003950590201502671 0.00104955221913449748 0.00000000000000000000
0.29712336422600604813 1.00000000000000000000 1.66031102466090740855 0.00003961225961292790 -0.00172952373300727658 0.00000000000000000000
0.29729631659930677579 1.00000000000000000000 1.66033632407151610089 0.00003946104960321572 -0.00035289910282898518 0.00000000000000000000
0.29733160650958967430 1.00000000000000000000 1.66034007723816623425 0.00003940421471702016 0.00021589759180429269 0.00000000000000000000
0.29731001675040924503 1.00000000000000000000 1.66039311191606597795 0.00003931295138878771 -0.00080072794605978714 0.00000000000000000000
0.29739008954501522375 1.00000000000000000000 1.66037959878374397071 0.00003943733381425651 -0.00171714318830673562 0.00000000000000000000
0.29756180386384589731 1.00000000000000000000 1.66044096238764615769 0.00003935894436773292 0.00011724926929357338 0.00000000000000000000
0.29755007893691653997 1.00000000000000000000 1.66036577852478850481 0.00003935400492783895 -0.00113517075550628732 0.00000000000000000000
0.29766359601246716871 1.00000000000000000000 1.66034727804198167789 0.00003944940652706910 0.00169763573376613408 0.00000000000000000000
0.29749383243909055530 1.00000000000000000000 1.66030641446368276704 0.00003948217652524671 0.00219506980791983608 0.00000000000000000000
0.29727432545829857169 1.00000000000000000000 1.66040582001199266138 0.00003943091336660746 0.00017704217292191515 0.00000000000000000000
0.29725662124100638017 1.00000000000000000000 1.66042083247945648772 0.00003938637450663280 0.00032554023499109519 0.00000000000000000000
0.29722406721750727066 1.00000000000000000000 1.66034016532126149635 0.00003953169585624211 -0.00015747622084116841 0.00000000000000000000
0.29723981483959138750 1.00000000000000000000 1.66035406462262469240 0.00003951817647497267 0.00010285995732939313 0.00000000000000000000
0.29722952884385844818 1.00000000000000000000 1.66034791520158608868 0.00003933460865083353 0.00041683476792453433 0.00000000000000000000
0.29718784536706599475 1.00000000000000000000 1.66040521677229468978 0.00003932119606776945 -0.00111201221086876245 0.00000000000000000000
0.29729904658815287100 1.00000000000000000000 1.66043764104533053683 0.00003929963064385047 -0.00052992814614238881 0.00000000000000000000
0.29735203940276710988 1.00000000000000000000 1.66036533331284741344 0.00003946857803230589 -0.00156819253571693906 0.00000000000000000000
0.29750885865633880378 1.00000000000000000000 1.66030887621091260975 0.00003931416173230876 0.00024162022527196569 0.00000000000000000000
0.29748469663381160721 1.00000000000000000000 1.66029023567610933831 0.00003946301409810887 0.00031196023186907951 0.00000000000000000000
0.29745350061062469926 1.00000000000000000000 1.66043602789377686690 0.00003921248691412412 -0.00001685032113840634 0.00000000000000000000
0.29745518564273853990 1.00000000000000000000 1.66043551804001210392 0.00003933377124944894 -0.00028726645973087273 0.00000000000000000000
0.29748391228871162717 1.00000000000000000000 1.66032257841896080386 0.00003946154561150534 0.00117764666873743096 0.00000000000000000000
0.29736614762183788407 1.00000000000000000000 1.66043083046689310400 0.00003925156885710496 0.00045551139127297802 0.00000000000000000000
0.29732059648271058627 1.00000000000000000000 1.66035764734958224409 0.00003929833261465921 -0.00204961554750582309 0.00000000000000000000
0.29752555803746116858 1.00000000000000000000 1.66039010339919568260 0.00003927894142837185 -0.00013326635805999132 0.00000000000000000000
0.29753888467326716771 1.00000000000000000000 1.66033956627299361664 0.00003951072966787334 0.00089101731215457391 0.00000000000000000000
0.29744978294205171032 1.00000000000000000000 1.66039629210304684470 0.00003937656464482504 -0.00156493293623771734 0.00000000000000000000
0.29760627623567548206 1.00000000000000000000 1.66038896599992669145 0.00003926861413916666 -0.00016265933500125840 0.00000000000000000000
0.29762254216917560790 1.00000000000000000000 1.66039396429391938881 0.00003924648569501431 0.00011236330554886820 0.00000000000000000000
0.29761130583862072108 1.00000000000000000000 1.66036103645628241310 0.00003935884482373216 0.00159168595137426649 0.00000000000000000000
0.29745213724348329443 1.00000000000000000000 1.66030157789212018393 0.00003955964495114156 -0.00020533629785379759 0.00000000000000000000
0.29747267087326867419 1.00000000000000000000 1.66038420058123192824 0.00003925364275366710 -0.00066643196505733471 0.00000000000000000000
0.29753931406977440766 1.00000000000000000000 1.66038401321886963657 0.00003942976960969824 0.00145258851369511888 0.00000000000000000000
0.29739405521840489577 1.00000000000000000000 1.66042094606241730226 0.00003933763884641556 -0.00064663308119161655 0.00000000000000000000
0.29745871852652405742 1.00000000000000000000 1.66038081494024325480 0.00003934964435616673 0.00083322121002815663 0.00000000000000000000
0.29737539640552124176 1.00000000000000000000 1.66034894612993788598 0.00003950625752495230 -0.00013503391405045306 0.00000000000000000000
0.29738889979692628707 1.00000000000000000000 1.66039094856745794715 0.00003937848072330991 -0.00134710942856219873 0.00000000000000000000
0.29752361073978250694 1.00000000000000000000 1.66032227077489547007 0.00003945154624922087 -0.00075666862686674108 0.00000000000000000000
0.29759927760246918105 1.00000000000000000000 1.66032458405608562835 0.00003936837305457880 -0.00078636959521816152 0.00000000000000000000
0.29767791456199099720 1.00000000000000000000 1.66040921596268442606 0.00003930920164146122 0.00006181981770936318 0.00000000000000000000
0.29767173258022006088 1.00000000000000000000 1.66043187378950918287 0.00003926833587260059 -0.00075541038757620527 0.00000000000000000000
0.29774727361897768141 1.00000000000000000000 1.66040107426677296942 0.00003925838519780688 -0.00101871049562607396 0.00000000000000000000
0.29784914466854028881 1.00000000000000000000 1.66040915559869217688 0.00003912808852758666 -0.00060722802452950475 0.00000000000000000000
0.29790986747099323928 1.00000000000000000000 1.66036844080137746538 0.00003932087120352803 0.00165364436033321738 0.00000000000000000000
0.29774450303495991754 1.00000000000000000000 1.66040813198637771109 0.00003933054281015895 0.00057594789515391653 0.00000000000000000000
0.29768690824544452589 1.00000000000000000000 1.66034745487290380517 0.00003924606245915349 -0.00025137044279421872 0.00000000000000000000
0.29771204528972394776 1.00000000000000000000 1.66030673373219661570 0.00003941318990660218 0.00031635917074890330 0.00000000000000000000
0.29768040937264905743 1.00000000000000000000 1.66043476701129422146 0.00003924274025930026 0.00145933808293197131 0.00000000000000000000
0.29753447556435586030 1.00000000000000000000 1.66034316138240423122 0.00003932290762041504 -0.00070363986237609311 0.00000000000000000000
0.29760483955059346961 1.00000000000000000000 1.66040111297357850795 0.00003928735377006926 0.00026455500057309678 0.00000000000000000000
0.29757838405053615993 1.00000000000000000000 1.66043535824431898185 0.00003923006127514697 -0.00023687643713188322 0.00000000000000000000
0.29760207169424934825 1.00000000000000000000 1.66042034062660071037 0.00003915254194240708 -0.00111405060021496638 0.00000000000000000000
0.29771347675427084489 1.00000000000000000000 1.66034365920542192896 0.00003931715156190315 0.00090653743123336739 0.00000000000000000000
0.29762282301114750815 1.00000000000000000000 1.66029507490510530587 0.00003947052111189977 -0.00128601803517369717 0.00000000000000000000
0.29775142481466487787 1.00000000000000000000 1.66035793026790789995 0.00003924357965221976 0.00111363689880850103 0.00000000000000000000
0.29764006112478402777 1.00000000000000000000 1.66038972361279424383 0.00003929917156250401 -0.00040503600207131285 0.00000000000000000000
0.29768056472499115905 1.00000000000000000000 1.66033947689806837822 0.00003944936397255358 0.00228149248671094540 0.00000000000000000000
0.29745241547632006451 1.00000000000000000000 1.66029436927115625622 0.00003946817542537623 -0.00074011344786129030 0.00000000000000000000
0.29752642682110619354 1.00000000000000000000 1.66032779934500118735 0.00003938783286331212 -0.00022992037584934621 0.00000000000000000000
0.29754941885869112816 1.00000000000000000000 1.66034321704909770823 0.00003929602200860225 -0.00079784323026022008 0.00000000000000000000
0.29762920318171715017 1.00000000000000000000 1.66040340394561636295 0.00003926106218277797 -0.00104589480087735609 0.00000000000000000000
0.29773379266180488578 1.00000000000000000000 1.66034824525362334491 0.00003932554853919455 0.00138843537067501188 0.00000000000000000000
0.29759494912473738459 1.00000000000000000000 1.66040141015448949879 0.00003925996577443571 0.00150678802068870965 0.00000000000000000000
0.29744427032266851363 1.00000000000000000000 1.66040575699512849006 0.00003937911109586728 0.00054890258405215775 0.00000000000000000000
0.29738938006426329785 1.00000000000000000000 1.66036084219476465229 0.00003935372242091770 -0.00172681088217441214 0.00000000000000000000
0.29756206115248073907 1.00000000000000000000 1.66031441763282150426 0.00003939441247135725 -0.00052747138845621322 0.00000000000000000000
0.29761480829132636039 1.00000000000000000000 1.66035537863247739665 0.00003936236021157114 -0.00092847954347163864 0.00000000000000000000
0.29770765624567352425 1.00000000000000000000 1.66041664524050092133 0.00003932733882250466 0.00073590799742895285 0.00000000000000000000
0.29763406544593062897 1.00000000000000000000 1.66035294634955188364 0.00003922122830457923 0.00062335297623672403 0.00000000000000000000
0.29757173014830695656 1.00000000000000000000 1.66033405035610748257 0.00003938605774421404 0.00070896064419123661 0.00000000000000000000
0.29750083408388783290 1.00000000000000000000 1.66039750104132588504 0.00003937725844480181 0.00007592006678880381 0.00000000000000000000
0.29749324207720895252 1.00000000000000000000 1.66034312665786387697 0.00003948419528868861 0.00090553756360023385 0.00000000000000000000
0.29740268832084892914 1.00000000000000000000 1.66039372115532457563 0.00003938536577265534 0.00190859860726977359 0.00000000000000000000
0.29721182846012195178 1.00000000000000000000 1.66036183979672857802 0.00003936527283793900 -0.00275661149085060231 0.00000000000000000000
0.29748748960920701201 1.00000000000000000000 1.66030544830047510629 0.00003948305444787760 -0.00056976127704722046 0.00000000000000000000
0.29754446573691173406 1.00000000000000000000 1.66033581866014112727 0.00003940480873195322 -0.00119893512096069799 0.00000000000000000000
0.29766435924900780385 1.00000000000000000000 1.66036511750592508108 0.00003940137167238946 0.00079710304945468380 0.00000000000000000000
0.29758464894406233547 1.00000000000000000000 1.66032764417746059316 0.00003944670807264336 0.00080540351199420712 0.00000000000000000000
0.29750410859286291476 1.00000000000000000000 1.66048530829330420744 0.00003910980462256695 -0.00099179679802219312 0.00000000000000000000
0.29760328827266513407 1.00000000000000000000 1.66036034399160659092 0.00003930773333723771 -0.00194853766477542933 0.00000000000000000000
