0.36845892100097865640 0.15936811170955886285 5.86963171828358287740 0.00011658071710700447 0.00045668499337736534 0.00126293077284955757
0.36841325250164091987 0.15924181863227390710 5.86941700307649139035 0.00011501028366701774 -0.00298987248958937357 -0.00022172876956716436
0.36871223975059985722 0.15926399150923062353 5.86939306718884790115 0.00011571213570208578 0.00130652830954147703 0.00191602581578464992
0.36858158691964570952 0.15907238892765215854 5.86942451399710218851 0.00011471441356138838 -0.00044158630174706559 -0.00140774609924676497
0.36862574554982041608 0.15921316353757683504 5.86943480093980696211 0.00011574117143545133 0.00069736354513239007 0.00029070130391772864
0.36855600919530717707 0.15918409340718506217 5.86955873133818073484 0.00011757000317008185 -0.00222908599667448470 -0.00081804958673714623
0.36877891779497462554 0.15926589836585877680 5.86954948256953823460 0.00011590274570504557 -0.00098585426933084364 0.00025564492567298203
0.36887750322190770991 0.15924033387329147859 5.86952872628245092557 0.00011490128582776684 0.00100985793727303985 0.00150722472413988839
0.36877651742818040592 0.15908961140087748976 5.86987944270937500590 0.00011494182658843801 -0.00051031975267790131 -0.00160451442088316298
0.36882754940344819605 0.15925006284296580605 5.86924565234320549933 0.00011429350924837709 -0.00229130227102913864 -0.00235955384120245526
0.36905667963055110992 0.15948601822708605158 5.86958210847310102309 0.00011606536971508053 0.00027330095386801645 0.00182631175560388215
0.36902934953516430827 0.15930338705152566336 5.86977749757308586709 0.00011491068779135259 -0.00227606090774656877 -0.00033346508532261510
0.36925695562593896515 0.15933673356005792487 5.86959137286979082404 0.00011556230574080271 0.00168006377077034585 0.00023770860257954496
0.36908894924886193056 0.15931296269979997038 5.86950571496451889431 0.00011504824314354988 0.00122507634969792889 0.00190688837919950060
0.36896644161389213767 0.15912227386188002032 5.86930914146851634428 0.00011498748400386661 0.00116633262159382411 -0.00061872129464290992
0.36884980835173275526 0.15918414599134431131 5.86962855627614210619 0.00011501042597893921 0.00123243509264625573 0.00112766764104321737
0.36872656484246812969 0.15907137922723998957 5.86967130853766416720 0.00011412679950266183 -0.00020713325943333416 -0.00136148998386431686
0.36874727816841146311 0.15920752822562642126 5.86955776586817901119 0.00011513247977080560 -0.00089031892125390755 -0.00025252459678881678
0.36883631006053685386 0.15923278068530530294 5.86935108805637284490 0.00011527898207219562 0.00079057570268048494 -0.00391296139756747152
0.36875725249026880537 0.15962407682506205009 5.86958228401881410008 0.00011540865015907183 0.00208133971391077921 0.00218487601211236893
0.36854911851887772745 0.15940558922385081320 5.86943224140263630773 0.00011526518596724131 -0.00122298865790071432 0.00062524875898972709
0.36867141738466779888 0.15934306434795184049 5.86942834046592754049 0.00011458060103685859 0.00110008591125421162 -0.00103998003275762585
0.36856140879354237772 0.15944706235122760307 5.86961956097403980692 0.00011414086932442778 -0.00239730471962573688 -0.00312021547532737031
0.36880113926550495140 0.15975908389876034010 5.86931898087688175281 0.00011513608003400629 0.00097201393067791741 0.00115163188718625520
0.36870393787243715966 0.15964392071004171458 5.86959238693056217784 0.00011421568340567483 0.00063796273286342853 0.00047181330398160526
0.36864014159915081681 0.15959673937964355406 5.86953606084469825532 0.00011535770484262777 0.00009503274123190408 0.00007545038416267857
0.36863063832502762640 0.15958919434122728620 5.86970381584964595589 0.00011523102753526031 -0.00143045658607121595 -0.00161735913106753060
0.36877368398363474800 0.15975093025433403926 5.86954261027150714369 0.00011501792139866681 0.00096486155509722948 0.00066898579076379860
0.36867719782812502505 0.15968403167525765940 5.86946076866868260424 0.00011464552106004807 0.00083441560017050165 0.00094304854147964079
0.36859375626810797488 0.15958972682110969532 5.86958976658106035273 0.00011657768034799911 -0.00039991458855581641 -0.00080447323425048012
0.36863374772696355652 0.15967017414453474333 5.86960473975257812640 0.00011463627599099006 0.00028502790572204617 0.00053927888954419245
0.36860524493639135191 0.15961624625558032409 5.86948319502658844016 0.00011444059871920648 -0.00166367946485834750 0.00286208698829781838
0.36877161288287718666 0.15933003755675054225 5.86935918933470279768 0.00011555491163208438 -0.00191721539888334291 0.00000469559591209645
0.36896333442276552095 0.15932956799715933260 5.86966037602062762346 0.00011619773815285852 -0.00008224381220500732 -0.00316084730433985328
0.36897155880398602168 0.15964565272759331793 5.86940330426497691718 0.00011411601070915157 0.00070319677281105442 0.00133041952565804422
0.36890123912670491624 0.15951261077502751351 5.86942476932672896339 0.00011480772923615677 -0.00054471088306584647 0.00028434384269360180
0.36895571021501150089 0.15948417639075815333 5.86972707767574242155 0.00011402004853691500 -0.00076850134478334553 -0.00004453853996722046
0.36903256034948983544 0.15948863024475487538 5.86957999435667154842 0.00011447152845201595 0.00176174594068712054 0.00187820772534763591
0.36885638575542112338 0.15930080947222011178 5.86965539215326970179 0.00011612669855787803 -0.00034822275551960047 0.00186113671984955431
0.36889120803097308343 0.15911469580023515635 5.86951546623854092388 0.00011446376198882614 0.00013750742722251630 0.00043618907330511547
0.36887745728825083180 0.15907107689290464481 5.86938209097771856904 0.00011490545435915520 0.00266295868645016753 -0.00115688631963095645
0.36861116141960581505 0.15918676552486774045 5.86922143660178985414 0.00011505581904388584 0.00091988170369816658 0.00206817880776810625
0.36851917324923599839 0.15897994764409092983 5.86943304140053534468 0.00011506453747446693 -0.00092387255046233463 -0.00083459341304603640
0.36861156050428223185 0.15906340698539553347 5.86939737582930387561 0.00011570229142731739 -0.00044931929599201226 -0.00055915647845239391
0.36865649243388143308 0.15911932263324077286 5.86963022537590095595 0.00011472931523847610 -0.00068116103291160357 0.00203556110678349000
0.36872460853717259344 0.15891576652256242386 5.86938857389306445356 0.00011475483169911236 -0.00187856478328640719 -0.00176742500013205017
0.36891246501550123416 0.15909250902257562887 5.86947077846349873909 0.00011470402751325738 0.00171148878891358436 0.00198397214834500346
0.36874131613660987572 0.15889411180774112853 5.86936855978719584925 0.00011528393782859896 0.00013010385391254431 -0.00286103340041421461
0.36872830575121862129 0.15918021514778254999 5.86973612651166565257 0.00011448244329829370 -0.00047376278855537635 -0.00003642850776586215
0.36877568203007415892 0.15918385799855913620 5.86932992722036406263 0.00011552243223503704 -0.00023793568004748522 -0.00229278446317593421
0.36879947559807890745 0.15941313644487672962 5.86959302853952991086 0.00011445095531451592 0.00152886553106412748 -0.00100691937321428782
0.36864658904497249470 0.15951382838219815841 5.86935045955955114749 0.00011474649174798007 0.00090887275794315769 0.00399207293622083625
0.36855570176917817893 0.15911462108857607478 5.86931779592953706270 0.00011524279600034099 -0.00104754234753201558 -0.00171007904059550242
0.36866045600393138049 0.15928562899263562502 5.86952573931804177931 0.00011610973452979213 -0.00088853607715932981 0.00080803497803927371
0.36874930961164731347 0.15920482549483169765 5.86964159783758354649 0.00011566815273141736 0.00112006983332690879 0.00082583878091568863
0.36863730262831462259 0.15912224161674012879 5.86955622026157008975 0.00011477002679348520 -0.00311892090376630904 -0.00236526300723127747
0.36894919471869125349 0.15935876791746325654 5.86958805560330265649 0.00011523778392460789 0.00175878421915243166 0.00181338430271793527
0.36877331629677601033 0.15917742948719146301 5.86949712066054996029 0.00011426946230315148 0.00172578237433995696 -0.00066681749633090703
0.36860073805934201463 0.15924411123682455371 5.86959234470737989398 0.00011426258767362168 -0.00182045045749035239 -0.00107278736738436464
0.36878278310509104987 0.15935138997356299018 5.86933429671136419614 0.00011536286541886649 0.00218260418627380659 0.00164956227566293023
0.36856452268646366921 0.15918643374599669715 5.86938003864125334985 0.00011492651774602512 0.00034018178096673068 -0.00178690302821138403
0.36853050450836699614 0.15936512404881783556 5.86947494467145691743 0.00011502644375679172 -0.00197881798813526188 -0.00181032476076481430
0.36872838630718052233 0.15954615652489431699 5.86954397755743517706 0.00011550186785131424 -0.00035350773508469047 0.00035533182396463303
0.36876373708068899138 0.15951062334249785368 5.86945700004960002616 0.00011563353908068292 -0.00375490350990048682 -0.00171888261935038145
0.36913922743167904006 0.15968251160443289183 5.86958608441973961334 0.00011540019018781642 0.00026626759996872806 0.00211199289212871122
0.36911260067168216725 0.15947131231522002071 5.86949384980600541439 0.00011449457224555307 -0.00085180533293538474 0.00180519702697168327
0.36919778120497570573 0.15929079261252285238 5.86949846487123583216 0.00011374817405109916 0.00200780019588009395 -0.00096355171974593645
0.36899700118538769633 0.15938714778449744602 5.86940877902962387935 0.00011423403169101387 -0.00128748564787173336 -0.00023551891992212859
0.36912574975017486967 0.15941069967648965888 5.86943221782563195887 0.00011456168198720312 0.00275615270961537817 0.00201893386009288633
0.36885013447921333185 0.15920880629048037025 5.86947529029853676263 0.00011672887360952437 -0.00038094579934977446 0.00029605662854592651
0.36888822905914830930 0.15917920062762577760 5.86932502197436534175 0.00011432114657739077 0.00142473048159175164 -0.00081169722943030820
0.36874575601098913413 0.15926037035056880842 5.86958671204064597049 0.00011523026510352910 -0.00099454402313625678 0.00022161573864920570
0.36884521041330275981 0.15923820877670388785 5.86961277136839143509 0.00011501816694220717 0.00048730860857659763 -0.00058905126110175843
0.36879647955244510005 0.15929711390281406369 5.86944945564768438828 0.00011460523365503623 0.00005969910299441494 0.00058449702233787093
0.36879050964214565855 0.15923866420058027660 5.86927059594211808502 0.00011540981170080437 -0.00245305696688902231 -0.00147119388715921673
0.36903581533883456078 0.15938578358929619827 5.86941293127295438126 0.00011557568452786022 0.00028346811475898903 0.00139591579317865921
0.36900746852735866188 0.15924619200997833235 5.86969107619367136408 0.00011650998140080339 -0.00098184030417058921 0.00169426441498643499
0.36910565255777572080 0.15907676556847968885 5.86926938853035995436 0.00011677835083635900 -0.00018010443181282199 0.00100714354722697408
0.36912366300095700300 0.15897605121375699144 5.86937215952627067139 0.00011530474550863001 0.00362695108702126845 0.00160814439942313925
0.36876096789225487615 0.15881523677381467752 5.86937843330656594532 0.00011580670149353575 -0.00077259009856334160 -0.00142773211875280026
0.36883822690211121031 0.15895800998568995754 5.86941634948314305831 0.00011516887441445082 0.00109759065303194348 -0.00055020823985785228
0.36872846783680801597 0.15901303080967574277 5.86957844632538972007 0.00011940666843510179 -0.00166097948017807084 -0.00114992930022594919
0.36889456578482582305 0.15912802373969833769 5.86948322003643596645 0.00011669303491374158 0.00022499775109707798 -0.00368216415758126914
0.36887206600971611525 0.15949624015545646460 5.86932314987930681127 0.00011475428323169983 0.00025919342050428895 -0.00018829363890304762
0.36884614666766568636 0.15951506951934676937 5.86965726706717561001 0.00011564038306773835 -0.00145132237205913839 0.00095431055546768562
0.36899127890487160020 0.15941963846380000080 5.86947385393601805958 0.00011416005268550370 -0.00013866880399504566 0.00179128634369973838
0.36900514578527110476 0.15924050982943002697 5.86952979208898906194 0.00011450630882107679 -0.00026292372856673296 -0.00014894390432118598
0.36903143815812777806 0.15925540421986214557 5.86953899983509774785 0.00011458055969458120 0.00060256248746171082 -0.00158265288296988160
0.36897118190938160698 0.15941366950815913373 5.86950385862097245848 0.00011466361764625250 -0.00063774428227247881 -0.00009597531080984822
0.36903495633760885486 0.15942326703924011855 5.86942494589963104090 0.00011457852378787933 -0.00041171813558449344 -0.00016512037159799320
0.36907612815116730420 0.15943977907639991787 5.86934884432287962142 0.00011495167111974012 -0.00001564609153348329 -0.00053251195586412337
0.36907769276032065253 0.15949303027198633020 5.86970278944040479985 0.00011718802672179457 0.00175770963517507539 0.00174367644856232573
0.36890192179680314499 0.15931866262713009763 5.86944812863098164257 0.00011462547470584358 0.00088457054969737214 -0.00020721791482714025
0.36881346474183340778 0.15933938441861281166 5.86942396919102904462 0.00012070672431583182 -0.00148314855952236258 0.00005379429213192566
0.36896177959778564404 0.15933400498939961909 5.86942243317973133543 0.00011506135377535980 -0.00070086968140259387 -0.00226510466561080648
0.36903186656592590342 0.15956051545596069974 5.86940991118760724277 0.00011474319042037768 0.00074114952663961731 0.00127715206499345868
0.36895775161326194169 0.15943280024946135387 5.86957438347996429684 0.00011464683321925820 0.00007813759683727994 0.00049417785952243776
0.36894993785357821370 0.15938338246350911009 5.86959763934428391252 0.00011432556142940205 0.00002614205696360727 0.00056227418632204262
0.36894732364788185297 0.15932715504487690583 5.86959772844788663093 0.00011514982728754865 -0.00077622316974057526 -0.00046906542605640311
0.36902494596485591050 0.15937406158748254614 5.86971779389301051566 0.00011455609877307799 0.00104480756224489824 0.00263186125781800229
0.36892046520863142067 0.15911087546170074591 5.86937529377052324975 0.00011620682044721732 0.00044866236592611131 0.00198969703779638962
0.36887559897203880954 0.15891190575792110695 5.86941514938381914135 0.00011559424569600532 0.00132036158007053928 -0.00201992573201081882
0.36874356281403175561 0.15911389833112218883 5.86973948004398504708 0.00011544797682968751 -0.00066352975025552041 0.00040193649031294854
0.36880991578905730766 0.15907370468209089398 5.86948543691739921258 0.00011573140807699247 -0.00009081171281621891 -0.00099891631410997661
0.36881899696033892955 0.15917359631350189164 5.86952215410234501292 0.00011430344457673223 -0.00052808537587267779 -0.00144526311052217693
0.36887180549792619733 0.15931812262455410933 5.86951778378916610990 0.00011508516063307465 0.00067420238103466090 0.00026011994735952726
0.36880438525982273124 0.15929211062981815661 5.86962930727965837008 0.00011472620720053512 0.00038358363374513260 0.00031242561382427425
0.36876602689644821798 0.15926086806843572918 5.86952101639808265787 0.00011520235164510060 0.00064273530453462513 0.00043383184067380398
0.36870175336599475546 0.15921748488436834879 5.86951948142861290592 0.00011418925290442115 -0.00006759120196875301 -0.00005550199011494783
0.36870851248619163076 0.15922303508337984357 5.86946294465798601436 0.00011711262355237911 -0.00164086353926506945 -0.00147984783716026413
0.36887259884011813771 0.15937101986709586998 5.86936688160161423866 0.00011458496343371231 0.00098391718550416840 0.00034572893303774777
0.36877420712156772087 0.15933644697379209521 5.86954247593218347845 0.00011492839990342267 -0.00183727324332139119 -0.00187091416181672798
0.36895793444589985999 0.15952353838997376800 5.86949313149544771306 0.00011562515659745293 0.00141061462022307182 -0.00087606380372307058
0.36881687298387755281 0.15961114477034607506 5.86948312553161866134 0.00011447947369767034 0.00162754648780349953 -0.00075573874180889788
0.36865411833509720285 0.15968671864452696485 5.86968348848030885279 0.00011471550804323305 -0.00018786114930335884 0.00082227365982845413
0.36867290445002753874 0.15960449127854411944 5.86948958099315554193 0.00014138922897438832 0.00003082152799649407 0.00206630485477532488
0.36866982229722788933 0.15939786079306658695 5.86950702178080874205 0.00011695656127607813 0.00128672421473297049 0.00211943506522871417
0.36854114987575459228 0.15918591728654371553 5.86950954878069364185 0.00011562097660810295 0.00077271494181019307 0.00036408668746545914
0.36846387838157357297 0.15914950861779716962 5.86957526570802912147 0.00011675887026317826 -0.00122944530023261223 -0.00048248718309551464
0.36858682291159683420 0.15919775733610672108 5.86950097123259695309 0.00011517062099742121 -0.00213395516146519526 -0.00044684466438127401
