#index=3
#b_uu = 0.1632 +\- 2e-4
#b_du = 0.3379 +\- 2e-4
#E= 3.58249647361247 +\- 3.49016442572611e-05
#E= 3.58249646803052 +\- 3.49022988747099e-05
#E= 3.58249642489008 +\- 3.49069793979314e-05
#E= 3.5824965055897 +\- 3.49010234790462e-05
#E= 3.58249660685695 +\- 3.48964250830719e-05
0.33779093284274702702 0.16298589022951467942 3.58234470381312108955 0.00010994148316282696 -0.00096465626509001368 -0.00105692961716030709
0.33788739846925602839 0.16309158319123071013 3.58265282823256381306 0.00010959949011782917 0.00192249757358098350 0.00086980855074081376
0.33769514871189793004 0.16300460233615662875 3.58245225647895404464 0.00011087887319455382 -0.00132073380898489745 0.00038126941603877640
0.33782722209279641978 0.16296647539455275111 3.58250171319278543081 0.00010932375551613782 0.00090033402333489221 -0.00042974995206890299
0.33773718869046293056 0.16300945038975964141 3.58254281935466245557 0.00010975103497614497 -0.00073371497588681223 -0.00069291335225152295
0.33781056018805161179 0.16307874172498479370 3.58254095499678637537 0.00011120422916420863 0.00068562230204349817 -0.00013170986568056264
0.33774199795784726197 0.16309191271155284997 3.58258101200255563157 0.00011031999473355614 -0.00059476016778248209 -0.00036498838795750999
0.33780147397462551018 0.16312841155034860097 3.58242534422701464081 0.00010985597206145630 -0.00085966160390249513 -0.00021117093362832406
0.33788744013501575969 0.16314952864371143337 3.58260037223082550284 0.00010951832751349030 -0.00039301730647700595 -0.00082664020406575389
0.33792674186566346028 0.16323219266411800876 3.58254100901459837658 0.00011147692713375853 0.00239756913722466436 0.00090656638729313954
0.33768698495194099385 0.16314153602538869481 3.58264819284395841237 0.00011176363496830166 -0.00007762083753526383 -0.00014275527626672613
0.33769474703569452023 0.16315581155301536742 3.58258031712910929301 0.00011010234846261564 -0.00057922224327988658 0.00094590430688157312
0.33775266926002250889 0.16306122112232721011 3.58266413172396802622 0.00011005216489532814 -0.00045462878572877230 -0.00104716847015851044
0.33779813213859538612 0.16316593796934306115 3.58241128780017525912 0.00010990526635520944 0.00222149528350534808 -0.00015596347191504378
0.33757598261024485131 0.16318153431653456553 3.58254987374808564482 0.00011035634881071376 -0.00096897962365005696 -0.00018417811076254509
0.33767288057260985701 0.16319995212761082004 3.58260534808142860896 0.00010985897690126706 0.00089576854556128183 -0.00069356565024492056
0.33758330371805372883 0.16326930869263531210 3.58250224951058449108 0.00010975415263378630 -0.00059239799199417575 -0.00137937968869294991
0.33764254351725314640 0.16340724666150460709 3.58250837019006285189 0.00011038632520717951 0.00000138028766194509 0.00050580963639745846
0.33764240548848695189 0.16335666569786486124 3.58233912230026518841 0.00011009475010552033 -0.00008631365866484941 0.00025161806016527066
0.33765103685435343683 0.16333150389184833418 3.58240258300623493071 0.00011111930749815444 -0.00112565137611042587 -0.00025189574626161004
0.33776360199196447942 0.16335669346647449518 3.58279908851049810892 0.00011005529257736182 0.00114258099714881212 -0.00035655460717265441
0.33764934389224959821 0.16339234892719176062 3.58258647774398264474 0.00010988593442166555 -0.00008081232771850466 -0.00025662862479514104
0.33765742512502144868 0.16341801178967127472 3.58228039898016881182 0.00010979158192073623 0.00118507758761765558 0.00059591862133778761
0.33753891736625968312 0.16335841992753749596 3.58255325356303799822 0.00011094539947217149 0.00001873678368013998 -0.00052550400408968301
0.33753704368789166912 0.16341097032794646426 3.58263481322887722413 0.00011018365895068247 -0.00321066563491179124 0.00004205592718520279
0.33785811025138284824 0.16340676473522794399 3.58266061163681159840 0.00011072086885170373 0.00014377542978394331 -0.00080667939283962653
0.33784373270840445391 0.16348743267451190664 3.58272199368503718730 0.00010948181359635889 0.00029459699613099133 -0.00075118447306898872
0.33781427300879135478 0.16356255112181880551 3.58248411592618243304 0.00011027297005968669 -0.00036784485435426006 0.00040899507602887297
0.33785105749422678079 0.16352165161421591821 3.58247078780629468753 0.00011065550385733785 -0.00009527515976159862 -0.00027563875359959411
0.33786058501020294065 0.16354921548957587762 3.58246726208217314280 0.00011053004064527642 0.00015829540433998091 0.00039727363998487419
0.33784475546976894256 0.16350948812557739021 3.58259464457157417172 0.00010949898123350171 0.00263696658087120284 -0.00010789303295233310
0.33758105881168182227 0.16352027742887262352 3.58268708057915130638 0.00010991934131531130 -0.00312031093585574126 -0.00004109537221630433
0.33789308990526739640 0.16352438696609425395 3.58254226906886286130 0.00011057773998385374 -0.00104149382740281737 -0.00098450276064809827
0.33799723928800767814 0.16362283724215906378 3.58253981228419338123 0.00011054692580489872 0.00062455613236700458 0.00079897535787409879
0.33793478367477097768 0.16354293970637165390 3.58219788720082377154 0.00011056775087095949 -0.00109940281389775407 -0.00031544478540368459
0.33804472395616075309 0.16357448418491202236 3.58229050698208606462 0.00011043885205836922 -0.00007003689228568533 0.00009130550981950591
0.33805172764538932162 0.16356535363393007176 3.58259532488421994501 0.00011033041787661966 0.00043628624757374723 0.00056942482951072293
0.33800809902063194690 0.16350841115097899947 3.58256043024763748406 0.00011275363463374315 -0.00060378411359529593 0.00054827307915950030
0.33806847743199147649 0.16345358384306304944 3.58264886661887427266 0.00011048196552150472 -0.00002684114464024390 -0.00007504292653948141
0.33807116154645550088 0.16346108813571699758 3.58259872567313397695 0.00010974378324751556 -0.00070931080942138180 -0.00016466500363243597
0.33814209262739763906 0.16347755463608024118 3.58258212810801079939 0.00011075756031823950 -0.00048743804881290487 0.00034674167892490004
0.33819083643227892955 0.16344288046818775118 3.58253881567570298117 0.00011026586452865483 0.00117239886021636153 0.00071862546802137217
0.33807359654625729339 0.16337101792138561396 3.58263566404492017625 0.00011009091830786253 -0.00336188483962551743 0.00071834146697646872
0.33840978503021984514 0.16329918377468796709 3.58262101083897244180 0.00011004613334863949 0.00016830359284014662 -0.00061016848329487061
0.33839295467093583047 0.16336020062301745415 3.58258236692164633297 0.00010997231452587313 0.00087980546670252124 0.00038820084791169052
0.33830497412426557835 0.16332138053822628510 3.58255435757147155940 0.00010986732215004901 0.00080826042858639369 -0.00053929113308370802
0.33822414808140693898 0.16337530965153465590 3.58259838261882057608 0.00010951226306910967 -0.00099589820234946558 -0.00033918287445366957
0.33832373790164188554 0.16340922793898002285 3.58268817738155176400 0.00011029876854576893 0.00250140223934103290 0.00030053879407354600
0.33807359767770778225 0.16337917405957266825 3.58268021824358351424 0.00010993533228658545 0.00131578088402584115 -0.00018599923556905651
0.33794201958930519814 0.16339777398312957390 3.58249317186541782476 0.00011110568720730595 0.00029701617965116611 -0.00076688555883386300
0.33791231797134008152 0.16347446253901296020 3.58243911870012121668 0.00011021873759171274 -0.00041285824425862927 0.00000338500627528049
0.33795360379576594445 0.16347412403838543216 3.58262257337165257454 0.00011051609811354742 0.00098515023294609705 0.00013514860564001197
0.33785508877247133475 0.16346060917782143096 3.58258447391129131177 0.00012142628248656082 -0.00101078461978154621 0.00124559042702365730
0.33795616723444948937 0.16333605013511906523 3.58270095249139508553 0.00010981877158105157 -0.00038464145513117387 -0.00068036329436971243
0.33799463137996260675 0.16340408646455603647 3.58257217218018730875 0.00011025686174743373 0.00028017265663038415 -0.00013477439320119800
0.33796661411429956834 0.16341756390387615627 3.58271364324432894932 0.00011016545640951640 -0.00081633379167556086 0.00011512549114023329
0.33804824749346712442 0.16340605135476213294 3.58254890808138837244 0.00011064160827122764 0.00020479741391632444 -0.00005250027101943999
0.33802776775207549198 0.16341130138186407694 3.58243213118737369172 0.00010999087653989345 -0.00033297497004092236 0.00006657950191168993
0.33806106524907958422 0.16340464343167290795 3.58247244571544332103 0.00011088645223157948 0.00141743001957905790 0.00017279306518958037
0.33791932224712167843 0.16338736412515394991 3.58260441177962496440 0.00011040132548293908 0.00111799571222981342 0.00047173980499692902
0.33780752267589869708 0.16334019014465425701 3.58261680285229733300 0.00011066000591215477 0.00303450077909772631 0.00136407913831071426
0.33750407259798892445 0.16320378223082318558 3.58266618598358466130 0.00011025026025051876 0.00112583088873741133 0.00002291811385113363
0.33739148950911518332 0.16320149041943807222 3.58262792364460525008 0.00011263899526613887 -0.00135102819398547069 0.00095176841496957820
0.33752659232851373039 0.16310631357794111440 3.58249663895044978545 0.00010994262771526219 -0.00323201858365429473 -0.00054576748764745275
0.33784979418687915986 0.16316089032670585968 3.58251581829111831468 0.00011092075515958351 -0.00046125885333481165 -0.00032076184308671429
0.33789592007221264103 0.16319296651101453111 3.58260010286673091784 0.00011124265151741213 -0.00006567964816461824 0.00088658658436990834
0.33790248803702910285 0.16310430785257754027 3.58254306419282730900 0.00011087800505550436 0.00007162921944470213 0.00093909428500182912
0.33789532511508463264 0.16301039842407735736 3.58242979835800134936 0.00010984555042230516 -0.00043332664412254474 0.00007965056392222891
0.33793865777949688711 0.16300243336768513447 3.58235934427748548003 0.00010958299157830702 -0.00196121258788650721 0.00038942490143689668
0.33813477903828553783 0.16296349087754144480 3.58235214397070889092 0.00010974563903812743 0.00100209592179822948 0.00041174189724380028
0.33803456944610571488 0.16292231668781706477 3.58250446963525437383 0.00011126261231789523 0.00209440020237927627 0.00000153486623410970
0.33782512942586778726 0.16292216320119365380 3.58264676960845918074 0.00011007468748190603 -0.00029029484105436154 -0.00046907807815799174
0.33785415890997322341 0.16296907100900945298 3.58240239902503887492 0.00011009951747504921 0.00019229962222588881 -0.00088834753930733257
0.33783492894775063453 0.16305790576294018623 3.58249477749349187761 0.00010941048365625013 -0.00073070318484802499 -0.00075201798388491170
0.33790799926623543703 0.16313310756132867740 3.58261150958021534763 0.00011074017556585821 -0.00130678471998990631 -0.00113808099833079268
0.33803867773823442766 0.16324691566116175667 3.58268035303984078155 0.00011015771343934228 -0.00187394402617613309 0.00004576317702564836
0.33822607214085204097 0.16324233934345919184 3.58247805697693211258 0.00010967057123607088 0.00141855794955070280 0.00051108562093560295
0.33808421634589697069 0.16319123078136563154 3.58248504271263579213 0.00011374897727579663 -0.00109315992857794697 0.00050835432263696134
0.33819353233875476539 0.16314039534910193541 3.58237605968103212106 0.00011091457500655875 0.00023662781778455155 -0.00041164211461719447
0.33816986955697631023 0.16318155956056365485 3.58259129174322810130 0.00010961747077027745 0.00079692643284445808 -0.00009112020382673336
0.33809017691369186442 0.16319067158094632819 3.58267774860776588852 0.00011028401083526617 0.00128856868930604662 0.00031675721823276604
0.33796132004476125976 0.16315899585912305159 3.58257649385009946386 0.00010962159835832646 -0.00055446601732178635 -0.00056749044863302345
0.33801676664649343840 0.16321574490398635393 3.58247490489480790998 0.00010981843050851277 -0.00007235038701480789 0.00090871050217877780
0.33802400168519491919 0.16312487385376847615 3.58258359815767990497 0.00011022172175497919 0.00005006874026491914 0.00004332205927326527
0.33801899481116842727 0.16312054164784114962 3.58280021421086036781 0.00011010725169574866 -0.00001133278648701719 -0.00024830362699290731
0.33802012808981712899 0.16314537201054044036 3.58251519544872953915 0.00011150936041048923 0.00114332896372637549 0.00016249633350007286
0.33790579519344449144 0.16312912237719043307 3.58236452722849207930 0.00011030891135020499 -0.00062838558489985985 0.00052948035977884444
0.33796863375193447743 0.16307617434121254862 3.58256971611174845904 0.00010913340142301997 -0.00122869856866714144 0.00052962311647419824
0.33809150360880119157 0.16302321202956512880 3.58233045705566688355 0.00011048986840454508 0.00175081899378426442 -0.00016548741310629111
0.33791642170942276513 0.16303976077087575791 3.58264370292463718570 0.00011092108796450598 -0.00009898111907880036 0.00050910340831933354
0.33792631982133064517 0.16298885043004382456 3.58253595800303559216 0.00011139399763814661 0.00042542926848021523 -0.00109082390675752094
0.33788377689448262364 0.16309793282071957665 3.58253034677565995736 0.00010992990925903629 -0.00221402810640647374 0.00017995504797418960
0.33810517970512327102 0.16307993731592215769 3.58257407283412954158 0.00011041473822106546 -0.00015280018805796658 0.00106728077975404290
0.33812045972392906767 0.16297320923794675340 3.58261075900807490768 0.00011008265292368759 0.00157246238208230693 -0.00006189184187377350
0.33796321348572083698 0.16297939842213413075 3.58245374171027020083 0.00011129016348723692 0.00180510403047229318 0.00024014156063678627
0.33778270308267360766 0.16295538426607045213 3.58250161086543927880 0.00011041531613994372 -0.00006348799308497632 -0.00105179371856500836
0.33778905188198210530 0.16306056363792695296 3.58263372179667172190 0.00011009836686103344 -0.00006385175566059331 -0.00025646941259616085
0.33779543705754816463 0.16308621057918656905 3.58228541785401466413 0.00011143300905001352 -0.00083047235732713887 -0.00022595684479043143
0.33787848429328087851 0.16310880626366561219 3.58255047064908271892 0.00011049653871965242 0.00073107017084517167 0.00047360288690789787
0.33780537727619636135 0.16306144597497482240 3.58246124814928146307 0.00011103791586437890 -0.00160327462150888778 -0.00141433393352485837
0.33796570473834725012 0.16320287936832730824 3.58235732622489821964 0.00011069932818367580 0.00113744884355782006 -0.00007975387927849908
0.33785195985399146812 0.16321085475625515815 3.58238705086100273078 0.00011028911157339218 -0.00049264850421337769 -0.00054977754260221445
0.33790122470441280589 0.16326583251051537959 3.58256312742335136790 0.00011012066836278274 0.00133269958801918165 0.00099353332005946982
0.33776795474561088772 0.16316647917850943261 3.58274071505882751865 0.00010950883648144459 -0.00085352736300947640 -0.00050129828399470000
0.33785330748191183536 0.16321660900690890261 3.58247546807590788731 0.00011015854186913215 -0.00087260536374422770 -0.00026151620180492330
0.33794056801828625813 0.16324276062708939494 3.58279011309342054759 0.00011087757468130304 -0.00041537693640236739 -0.00033343184679957005
0.33798210571192649487 0.16327610381176935195 3.58250328301593556901 0.00011104090683120052 -0.00063478371070679884 -0.00052026713626140975
0.33804558408299717476 0.16332813052539549292 3.58245066615353691120 0.00011028876827398967 0.00033521322895246897 0.00029891455133324030
0.33801206276010192786 0.16329823907026216889 3.58265030579725118898 0.00011016785335842278 0.00264493720991687553 0.00053833474455977637
0.33774756903911024031 0.16324440559580619126 3.58267006600337856170 0.00010912920107990650 -0.00103136111850865575 0.00112557254872136525
0.33785070515096110588 0.16313184834093405473 3.58260266177315989111 0.00010999650715657238 0.00175782416533820651 0.00050238261062318657
0.33767492273442728523 0.16308161007987173607 3.58241555757391960668 0.00010997396972064895 0.00175176600869519916 -0.00106292384205453061
0.33749974613355776532 0.16318790246407718914 3.58252624433499144985 0.00010945138559652714 -0.00188503484666036059 0.00002149042965804426
0.33768824961822380137 0.16318575342111138471 3.58250616196469673369 0.00011005042882200272 -0.00156883072555125125 -0.00015615662141144071
0.33784513269077892650 0.16320136908325252878 3.58238107867604149703 0.00011022034707850859 -0.00171891698830251016 -0.00045305132956308114
0.33801702438960917751 0.16324667421620883689 3.58236831343945416606 0.00011788846132028546 -0.00087819488370222132 -0.00058462577245954606
0.33810484387797939965 0.16330513679345479150 3.58269720890321741180 0.00011030344377656356 -0.00157243226195369346 0.00098350308674888254
0.33826208710417476899 0.16320678648477990325 3.58258773592743118286 0.00010952079641133062 -0.00075419117306907424 -0.00009687041946371266
0.33833750622148167642 0.16321647352672627451 3.58257396577735587329 0.00011024082467013927 0.00061899245173968609 -0.00049241647537279221
0.33827560697630770781 0.16326571517426355373 3.58254100179625778466 0.00011018026226224002 -0.00002099725882054315 0.00008373982218756737
