#index=0
#b_uu = 0.1622 +\- 2e-4
#b_du = 0.3707 +\- 2e-4
#E= 5.94601260659359 +\- 4.9853350096491e-05
#E= 5.94601257970426 +\- 4.98549042606226e-05
#E= 5.94601271777106 +\- 4.98554350102477e-05
#E= 5.94601268348357 +\- 4.98518415729091e-05
#E= 5.94601263131609 +\- 4.9851397122545e-05
0.37076326904622680658 0.16198383811532499066 5.94590185779979041314 0.00015733121791549031 -0.00047968391347907868 0.00123717089728359042
0.37081123743757471445 0.16186012102559663162 5.94589390182149291064 0.00015907322656200188 0.00053759778229078847 -0.00085344847455814943
0.37075747765934563560 0.16194546587305244656 5.94588609441111870524 0.00015706305423029081 -0.00087142041849119778 0.00027150787884622218
0.37084461970119475538 0.16191831508516782434 5.94627101678088365588 0.00015783409671956111 -0.00345376953303500045 -0.00063406949690758552
0.37118999665449825542 0.16198172203485858289 5.94570094863130549356 0.00015664045309848846 0.00073770874298162425 0.00005175467476803419
0.37111622578020009300 0.16197654656738177947 5.94594715363659087615 0.00015765179346061573 0.00203344255167436927 0.00080015520387277661
0.37091288152503265607 0.16189653104699450181 5.94636986149594992668 0.00015771562185424123 -0.00215793794389185223 -0.00056393548053534914
0.37112867531942184129 0.16195292459504803673 5.94610414314983959372 0.00015835753888682162 0.00182858763553284120 -0.00049274318003611484
0.37094581655586855717 0.16200219891305164821 5.94637455459077823861 0.00015624278485277298 0.00189301360453697498 -0.00113194655559922808
0.37075651519541485968 0.16211539356861157102 5.94625907436968414999 0.00015726135731602723 -0.00046287640698139398 0.00031985521520283555
0.37080280283611299907 0.16208340804709128746 5.94592515491112916237 0.00015614237983127533 -0.00108591321223983073 -0.00160050665476418885
0.37091139415733698215 0.16224345871256770635 5.94594924392347490283 0.00015869669002750088 0.00293182686883497468 0.00085612533329282314
0.37061821147045348468 0.16215784617923842403 5.94588281313862854205 0.00016137640899926980 0.00012431481533070610 0.00035515764951199458
0.37060577998892041407 0.16212233041428722458 5.94583608061492263630 0.00015701394941392927 -0.00017723759615506651 -0.00079180051182348166
0.37062350374853592072 0.16220151046546957274 5.94598476869571523906 0.00015642846875463221 -0.00167686504637387657 -0.00062505332021345339
0.37079119025317330838 0.16226401579749091808 5.94578225161618334482 0.00015722274877813419 0.00108609423454808507 0.00113391368961046624
0.37068258082971849987 0.16215062442852987146 5.94590676709526277932 0.00015654352336046505 -0.00274731676874750974 -0.00121749855486186220
0.37095731250659325084 0.16227237428401605768 5.94587491275005675107 0.00015701789805706417 0.00309998915870579594 0.00083701543074354845
0.37064731359072267125 0.16218867274094170283 5.94610168829231788834 0.00015650707428050610 -0.00102623570397142316 -0.00044163704870925358
0.37074993716111981357 0.16223283644581262819 5.94611545836171728752 0.00015813521688753636 -0.00004006870435446785 -0.00036887826526665890
0.37075394403155526035 0.16226972427233929408 5.94589685298320258511 0.00015850031465173742 -0.00178187620170078276 -0.00092012368479998941
0.37093213165172533863 0.16236173664081929302 5.94594257025589545407 0.00016006559513644932 0.00348999494237389740 -0.00022780522312970675
0.37058313215748794889 0.16238451716313226370 5.94598415412771519328 0.00015735650191468941 -0.00004775749973262577 0.00053759835427769076
0.37058790790746121147 0.16233075732770449462 5.94598805921587025836 0.00015751217653873771 0.00114992146116321692 0.00024432467959911719
0.37047291576134488977 0.16230632485974458290 5.94585159829759657413 0.00015791925902697759 -0.00340739683579727171 -0.00092363284309726623
0.37081365544492461694 0.16239868814405430952 5.94581836414939068902 0.00015749832105468905 0.00286991183973128727 -0.00028179318256604802
0.37052666426095148822 0.16242686746231091433 5.94595219478203507180 0.00015643417759540610 0.00003274793947127819 0.00172571984613512086
0.37052338946700436040 0.16225429547769740224 5.94607104877693437572 0.00015680196921427902 0.00002188117065315964 -0.00035346961935189825
0.37052120134993904443 0.16228964243963259206 5.94598557929939985911 0.00015797719775705946 -0.00122852146500207482 -0.00048466093627297369
0.37064405349643925192 0.16233810853325988943 5.94608930213872532988 0.00015735096838059924 -0.00277321865338464590 -0.00089665584335207882
0.37092137536177771651 0.16242777411759509731 5.94604325549948775631 0.00015732598747327911 0.00359399738236731991 0.00154582392175584005
0.37056197562354098451 0.16227319172541951331 5.94605339284337119921 0.00015736094648917658 -0.00105360758295702794 -0.00053830337387594795
0.37066733638183668731 0.16232702206280710810 5.94570113641501940549 0.00015992642335050316 0.00110051095258967280 0.00112344219305171578
0.37055728528657772003 0.16221467784350193653 5.94633118150574802030 0.00015571472117061863 -0.00096816684402867281 -0.00021372864722479790
0.37065410197098058731 0.16223605070822441632 5.94594627659947505549 0.00015632414444302346 -0.00206904687161113543 -0.00202660157677669872
0.37086100665814170085 0.16243871086590208619 5.94587447807157865043 0.00015692201698120432 -0.00112083766667936402 -0.00033793125586711881
0.37097309042480963726 0.16247250399148879807 5.94609818530556033522 0.00015849755214853475 0.00436320122787492437 0.00166108518229179936
0.37053677030202214482 0.16230639547325961813 5.94607442402111985302 0.00015689439402756530 -0.00021787557580310590 0.00160918168834456310
0.37055855785960245541 0.16214547730442516182 5.94616054796752457889 0.00015655533095355388 -0.00022569457769350265 -0.00196841509181311380
0.37058112731737180567 0.16234231881360647320 5.94601402677664570007 0.00015678515672322009 0.00152077764958846728 -0.00057443118572919616
0.37042904955241295895 0.16239976193217939282 5.94600141846171048599 0.00015829323648739111 -0.00138801227089757617 -0.00162581070917156012
0.37056785077950271656 0.16256234300309654883 5.94607591774193178225 0.00015697253820237157 0.00141575572332186539 -0.00003359993838714104
0.37042627520717053002 0.16256570299693526294 5.94620457192260598589 0.00015732220507600850 0.00115624559748894740 0.00048613564773702933
0.37031065064742163528 0.16251708943216156000 5.94579826254473253755 0.00015717811822262955 -0.00023372684632150253 0.00094456228616479621
0.37033402333205378554 0.16242263320354508038 5.94591167315555235717 0.00015670466216382859 -0.00232291281188068410 0.00063763910596037476
0.37056631461324185395 0.16235886929294904291 5.94572988923590184385 0.00015721990702676484 -0.00248221938470294390 -0.00145792327099769636
0.37081453655171214834 0.16250466162004881254 5.94600033438942077169 0.00015852852139440100 0.00188184745830710654 0.00111189358076302369
0.37062635180588143768 0.16239347226197251017 5.94578293802546919977 0.00015676539483794249 0.00025668010961155119 0.00176162729248474648
0.37060068379492028257 0.16221730953272403553 5.94613859187935123174 0.00015755397567726386 0.00249220288495166642 0.00102682756697447530
0.37035146350642511592 0.16211462677602658800 5.94549277240616103057 0.00015843059007807900 -0.00147943355255364395 -0.00075161601786888355
0.37049940686168048032 0.16218978837781347635 5.94605290290247801011 0.00015736922872320764 -0.00075205360561270140 -0.00009280327306626646
0.37057461222224175046 0.16219906870512010300 5.94568866248385141660 0.00015729704601988838 -0.00219205160378876940 -0.00189590648957960184
0.37079381738262062740 0.16238865935407806318 5.94579759368600058167 0.00015639400570842873 0.00024025696898632987 0.00125177306298240865
0.37076979168572199441 0.16226348204777982231 5.94608494882658167313 0.00015804602933621359 -0.00099638869821561116 -0.00166744980267807819
0.37086943055554355553 0.16243022702804763013 5.94562358753625108676 0.00015766581886538555 -0.00019605788059706697 -0.00063428524166297962
0.37088903634360326222 0.16249365555221392809 5.94603114752804273735 0.00015750835946544216 0.00027265742774673640 0.00034152544525767325
0.37086177060082858858 0.16245950300768816077 5.94577745450138461791 0.00015674306180745487 -0.00104557241220604169 0.00015940034714390094
0.37096632784204919275 0.16244356297297377068 5.94603506017147864782 0.00015866869270995997 0.00334145378300121365 0.00183394724828644939
0.37063218246374907139 0.16226016824814512574 5.94582223028368073159 0.00015679815015088103 0.00012636941582044869 -0.00152690437271729706
0.37061954552216702652 0.16241285868541685544 5.94610318659657544060 0.00015788549559794059 -0.00221846195191943707 -0.00075953065925560281
0.37084139171735897023 0.16248881175134241572 5.94581099602380636071 0.00015650133213187723 0.00156438681520043588 0.00013094361639431895
0.37068495303583892664 0.16247571738970298383 5.94584157889662989760 0.00015714894787734846 -0.00054691916906435267 0.00096308508279463467
0.37073964495274536191 0.16237940888142352036 5.94638664490258772588 0.00015859628834836452 0.00046796450048347538 0.00087985214891617147
0.37069284850269701437 0.16229142366653190321 5.94568629672225146265 0.00015715397728866969 -0.00053703253755088554 -0.00005026821092712908
0.37074655175645210292 0.16229645048762461612 5.94588490715598538827 0.00016009165503685742 0.00239105576582687718 0.00118751056765731278
0.37050744617986941520 0.16217769943085888484 5.94630325498705936127 0.00015887668558208745 0.00006352155779154600 -0.00000610281070123619
0.37050109402409026060 0.16217830971192900846 5.94584881828709121976 0.00015601050377031612 -0.00131412416592979753 -0.00101451867351443070
0.37063250644068324036 0.16227976157928045153 5.94611233278588535711 0.00015743198150620929 -0.00179966268509801353 0.00077450694169201029
0.37081247270919304171 0.16220231088511125050 5.94590807801661114240 0.00015760106779089258 0.00070273818675303801 0.00087340066379226755
0.37074219889051773791 0.16211497081873202375 5.94586523084432005959 0.00015792897776595479 0.00006276145869676952 0.00034092669887186844
0.37073592274464806096 0.16208087814884483691 5.94645938896324910417 0.00015736616763234923 0.00231087488211656478 0.00121506725614395350
0.37050483525643640448 0.16195937142323044156 5.94584673387938611455 0.00015782610087768228 -0.00222262937210615519 -0.00067740221432188719
0.37072709819364702000 0.16202711164466263027 5.94611879788889918785 0.00015890372156538525 -0.00082713297899772442 -0.00044931157239247455
0.37080981149154679244 0.16207204280190187773 5.94582977656411504341 0.00015773541244688794 -0.00272877168283613969 -0.00121918183371150235
0.37108268865983040641 0.16219396098527302796 5.94583980487862362452 0.00015719394626150093 0.00066443523394354997 -0.00029227581777035994
0.37101624513643605141 0.16222318856705006396 5.94623964937530491426 0.00015788062307042438 0.00474290658436515855 0.00082574478366126414
0.37054195447799953556 0.16214061408868393754 5.94596365304173168909 0.00015853336940455874 0.00054908147895105230 -0.00017415224684569353
0.37048704633010443033 0.16215802931336850690 5.94628968980123584487 0.00015807043782708387 -0.00017630744642005425 0.00131071949516226027
0.37050467707474643575 0.16202695736385228087 5.94606343575875584406 0.00015602535263152463 -0.00180748849087919439 -0.00059308670952162856
0.37068542592383435519 0.16208626603480444373 5.94640686690735442710 0.00015816458764353813 -0.00005063462360510584 0.00078193635699719266
0.37069048938619486577 0.16200807239910472446 5.94602811413297693832 0.00015861877620891636 -0.00123539531093896926 0.00085946170802486677
0.37081402891728876270 0.16192212622830223778 5.94603547863870307566 0.00015557119616547126 -0.00184605424813355512 -0.00015229280947437474
0.37099863434210211821 0.16193735550924967526 5.94610007507870008681 0.00015894728193347428 0.00210995679061909414 0.00172849757351656308
0.37078763866304020880 0.16176450575189801895 5.94621033859651415554 0.00015648357457264593 0.00112701904697587452 -0.00029126795508815917
0.37067493675834262135 0.16179363254740683487 5.94596900488600343948 0.00015860882559582076 -0.00388679269125447036 -0.00198258330330602917
0.37106361602746806838 0.16199189087773743778 5.94622411111732862565 0.00015711724455248901 0.00055275401189547324 -0.00073510024378720118
0.37100834062627852106 0.16206540090211615790 5.94625658904666032356 0.00015730653425178633 -0.00180104205194098199 -0.00067649202462050084
0.37118844483147261926 0.16213305010457820798 5.94604190386411257663 0.00015828858262152210 0.00077370455642267189 0.00089663081048740878
0.37111107437583035207 0.16204338702352946711 5.94590151313244064113 0.00015608305262276701 0.00108925511366209093 0.00187321343014801300
0.37100214886446414297 0.16185606568051466581 5.94574899321505423444 0.00015696062979305819 0.00058969492267024748 0.00190985671766341625
0.37094317937219711823 0.16166508000874832418 5.94611925078993497351 0.00015847721955454831 0.00188933419886794240 -0.00009405347523028240
0.37075424595231032399 0.16167448535627135242 5.94595947183639150779 0.00015738525569645041 0.00318115478092906301 0.00108603354220804249
0.37043613047421741769 0.16156588200205054817 5.94619274034249478689 0.00015751831381943994 -0.00136619389135006486 -0.00174566117605579052
0.37057274986335242417 0.16174044811965612722 5.94576982470208825760 0.00015764920255455467 -0.00263078179330022977 -0.00267990775126847325
0.37083582804268244715 0.16200843889478297455 5.94621546716049209635 0.00015664724491789661 0.00112956857112322950 0.00061076099200363387
0.37072287118557012420 0.16194736279558261116 5.94598228753888591314 0.00015864663009220668 0.00001208285338449855 -0.00002926041853257288
0.37072166290023167434 0.16195028883743586845 5.94593309002786973849 0.00015705012916819396 -0.00146345202045594647 -0.00081146104413676312
0.37086800810227726899 0.16203143494184954476 5.94593224489740102001 0.00016105504638128806 -0.00067392545233246892 -0.00051452134819385265
0.37093540064751051588 0.16208288707666893003 5.94599848893212534762 0.00015642294078559971 -0.00024648280261274635 -0.00068791550367208743
0.37096004892777179052 0.16215167862703613877 5.94575951138464464663 0.00015692301728535081 0.00080259734369647617 0.00149928321224734873
0.37087978919340214290 0.16200175030581140390 5.94612896906580612466 0.00015678240506439718 0.00397184481437662384 -0.00021283865203614027
0.37048260471196448052 0.16202303417101501792 5.94623308952716200793 0.00015735165818389429 -0.00075218693540435311 -0.00059499319782219118
0.37055782340550491583 0.16208253349079723704 5.94596222115226158422 0.00015709914016120348 0.00121966204424950320 0.00014675151227550032
0.37043585720107996551 0.16206785833956968701 5.94611239065316787844 0.00015777378949734822 -0.00149467792054380766 -0.00010681532014444883
0.37058532499313434627 0.16207853987158413189 5.94609954268185614268 0.00015697266018659914 -0.00046233566264319848 -0.00104187140292921754
0.37063155855939866612 0.16218272701187705365 5.94604400476069638870 0.00015685792395492417 -0.00091487722153615891 -0.00069041427952498680
0.37072304628155228201 0.16225176843982955233 5.94611496275658790722 0.00015767567041107423 0.00174068354619194565 0.00039783331784448706
0.37054897792693308745 0.16221198510804510362 5.94574900579569032288 0.00015868020371216158 0.00183205862613888826 0.00117639688879123128
0.37036577206431919862 0.16209434541916598049 5.94590710345872697218 0.00015794592985335734 -0.00226073922515723780 0.00074796755011874438
0.37059184598683492240 0.16201954866415410605 5.94613869188672516941 0.00015646607397285295 -0.00273922511384583345 0.00149409278149548186
0.37086576849821950574 0.16187013938600455787 5.94604370729887676816 0.00015681170709821182 0.00011784774534007170 -0.00010285594909120732
0.37085398372368549857 0.16188042498091367860 5.94601117894633723893 0.00015700530246757236 -0.00307180937708650958 -0.00137658436871745948
0.37116116466139414953 0.16201808341778542455 5.94620702318527882824 0.00015791592426978076 0.00144580444594311075 -0.00016631780530573792
0.37101658421679983846 0.16203471519831599834 5.94615946483722890292 0.00015820863540518288 0.00146174800219611711 0.00062961855240573072
0.37087040941658022675 0.16197175334307542527 5.94611178447803734315 0.00015724742621826861 0.00227528257834563874 0.00199441170511960308
0.37064288115874566287 0.16177231217256346496 5.94584702874130766048 0.00015740550495398951 -0.00276535670629129982 -0.00151495046907257347
0.37091941682937479285 0.16192380721947072231 5.94606170725112459507 0.00015805677632577960 -0.00054420259809617733 -0.00165026854803684841
0.37097383708918441059 0.16208883407427440715 5.94642758284470485108 0.00015888654383745834 0.00136581335752339328 0.00027645192135494767
0.37083725575343207126 0.16206118888213891238 5.94596156566773625940 0.00015624426252196989 -0.00041661501493095443 0.00055580192181992061
0.37087891725492516670 0.16200560868995692032 5.94598050097933494840 0.00015658757089503529 0.00062054206484418728 -0.00071749930752318392
