#index=15
#b_uu = 0.3452 +\- 1e-4
#b_du = 0.3024 +\- 2e-4
#E= 6.00978253737659 +\- 6.06882064145657e-05
#E= 6.00978253521444 +\- 6.06857443114377e-05
#E= 6.00978272547754 +\- 6.07105203706987e-05
#E= 6.00978254183237 +\- 6.06906696973647e-05
#E= 6.00978261197894 +\- 6.06660801120785e-05
0.30263092627583981775 0.34593980801620272114 6.00994383936863663109 0.00019232518915597306 0.00061914075910607380 0.00056434230844004674
0.30256901219992921037 0.34588337378535871647 6.00990901671445953980 0.00019139705838051732 -0.00067165228267995758 0.00024887278327057061
0.30263617742819720613 0.34585848650703165941 6.00952866630309667784 0.00019419557270338917 0.00014534018477618815 -0.00007045691630125361
0.30262164340971958731 0.34586553219866178477 6.00988209664882244709 0.00019136664381110002 0.00018730756590201736 -0.00011849645042971702
0.30260291265312938558 0.34587738184370475647 6.00964789855825465281 0.00019265203715546295 0.00319651722868741217 0.00087689376382371620
0.30228326093026064436 0.34578969246732238485 6.00995010829464249014 0.00019299915565831885 -0.00022085685058570448 0.00048175839406638943
0.30230534661531921481 0.34574151662791574591 6.00986528375525885792 0.00019091167211785794 0.00013044868651945762 0.00076854585051577828
0.30229230174666726905 0.34566466204286416808 6.00998600835178109492 0.00019276429534515214 -0.00191151447781479078 0.00051559829472580532
0.30248345319444874812 0.34561310221339158755 6.00943851910955029183 0.00019328986501147900 0.00187305591881070654 0.00009545657242426842
0.30229614760256767747 0.34560355655614916071 6.00961363131939840798 0.00019040196979646189 -0.00018418190794733391 0.00013543463106557851
0.30231456579336241086 0.34559001309304260285 6.00979578990359986079 0.00019070639981352808 0.00226828281313373736 0.00094336107459014329
0.30208773751204903713 0.34549567698558358853 6.00976910355923887863 0.00019210796587485800 0.00209365719561205310 0.00052175527587294823
0.30187837179248783182 0.34544350145799629370 6.00994490565462680109 0.00019148786894865815 -0.00125665801276042544 0.00077079495186538338
0.30200403759376387436 0.34536642196280975536 6.00984129826744428726 0.00019213866227186466 -0.00409721908978255556 0.00006897411752859739
0.30241375950274212991 0.34535952455105689562 6.00967884967701770904 0.00019099866965542977 -0.00203896984718454632 0.00004413900134281334
0.30261765648746058455 0.34535511065092261429 6.00964629932229321696 0.00019202353767258732 0.00069668266799993717 0.00005430115379567724
0.30254798822066059083 0.34534968053554304657 6.00982573741805126133 0.00019045850376951329 -0.00052871975952939465 0.00003830754602418551
0.30260086019661353030 0.34534584978094062802 6.00982704614702356594 0.00019540546054400856 0.00160197332199629727 0.00006394748064408873
0.30244066286441390057 0.34533945503287621914 6.00973344046246182870 0.00019240339688025165 0.00178210336354567289 0.00026996305280135857
0.30226245252805933328 0.34531245872759608329 6.00972497489335744092 0.00019306858787145918 -0.00331542097864456764 0.00065762388157253326
0.30259399462592379004 0.34524669633943882996 6.00997497911746592081 0.00019167453173593165 0.00121563850852268729 -0.00041428362118622886
0.30247243077507152131 0.34528812470155745284 6.00973860248808477991 0.00019186661112491601 0.00205451482404583885 -0.00044527449105657979
0.30226697929266693743 0.34533265215066311082 6.00947525326656428746 0.00019335343033685546 -0.00148207020034263337 0.00016538715019720485
0.30241518631270120077 0.34531611343564339034 6.01008381496667798416 0.00019319243736792111 -0.00170227505957853964 0.00067525554747760452
0.30258541381865905473 0.34524858788089562989 6.00966242612757817199 0.00019829403135408286 -0.00005406261394114154 0.00025468598030542466
0.30259082008005316888 0.34522311928286508742 6.00947320115233463156 0.00019256271650514028 0.00390526438787119901 -0.00020049321980408763
0.30220029364126604898 0.34524316860484549618 6.00982391481074529338 0.00018955254992951987 -0.00269881013847950157 -0.00001812602601347635
0.30247017465511399914 0.34524498120744684382 6.00959640980047193892 0.00019120318187371743 -0.00245222043959714142 0.00040707556792085597
0.30271539669907371328 0.34520427365065475822 6.00956184528842474180 0.00019654482282696826 0.00232573386060863641 -0.00017725007728230935
0.30248282331301284964 0.34522199865838298916 6.00986346586916653223 0.00019103766481292907 -0.00049716061623072960 -0.00038770033317092611
0.30253253937463592260 0.34526076869170008177 6.00994024482372424245 0.00019107443006764787 0.00353704915534436282 0.00037790474261001350
0.30217883445910148632 0.34522297821743908042 6.00990478839832675817 0.00019035529419822477 -0.00280942898456260082 -0.00039919010808020516
0.30245977735755774640 0.34526289722824710093 6.00991060435494617309 0.00019320213641067929 0.00155045140504128653 -0.00121498040384082628
0.30230473221705361775 0.34538439526863118356 6.00986545603127186865 0.00019197032129140959 -0.00141435086353780548 -0.00001052415488089764
0.30244616730340739830 0.34538544768411927333 6.00957595034684111113 0.00019071373975706538 -0.00050103757986974529 -0.00061822903285602138
0.30249627106139437283 0.34544727058740487546 6.00994426552676763720 0.00019093029080681471 0.00366943965524058058 0.00073802024802560595
0.30212932709587031477 0.34537346856260231487 6.01003968655371156871 0.00019190094696993441 -0.00255355883194141597 -0.00010441951525663740
0.30238468297906445637 0.34538391051412797861 6.00975653188402336724 0.00019167029969354143 -0.00149543174687849501 0.00049777740596113063
0.30253422615375230587 0.34533413277353186555 6.00969377430036555410 0.00019202942676978439 0.00153509740430379793 -0.00033100684815323689
0.30238071641332192607 0.34536723345834718923 6.00986327553642141197 0.00019191310815866374 -0.00142618984533271487 -0.00052596340260890884
0.30252333539785519756 0.34541982979860808012 6.01002803924660611301 0.00019379658422427010 -0.00368628019264960471 0.00033575341262803704
0.30289196341712015803 0.34538625445734527641 6.00938465576898739329 0.00019041997303503042 0.00607631592375312835 -0.00029952780344899566
0.30228433182474484520 0.34541620723769017598 6.00974221341721914769 0.00019114711276182344 0.00080334805518944563 0.00051592310823522780
0.30220399701922590063 0.34536461492686665320 6.00933301901605965156 0.00019396894988637307 0.00019148382923717122 -0.00024051537694802505
0.30218484863630218351 0.34538866646456145570 6.00958567616311256643 0.00019234777715477835 0.00244531400905856344 0.00035368981610162109
0.30194031723539632717 0.34535329748295129360 6.00971359480504219164 0.00019120042790254590 -0.00633802437288721876 -0.00048914164629820789
0.30257411967268504904 0.34540221164758111438 6.00956953352725875561 0.00019171509242206625 -0.00306213315193204494 -0.00010677833062189279
0.30288033298787825354 0.34541288948064330366 6.00960529502680707026 0.00018988673702666998 0.00145176805332880576 0.00010354643453780454
0.30273515618254537296 0.34540253483718952321 6.00964175473382677950 0.00019406386993126425 0.00244994188491887144 0.00100929228308288543
0.30249016199405348582 0.34530160560888123467 6.01008778723633163565 0.00019000327247639253 0.00001770452850990978 -0.00067519897495316172
0.30248839154120249484 0.34536912550637655084 6.00979284564551807790 0.00019241311252775892 0.00405460464270035459 0.00076920959068971229
0.30208293107693245938 0.34529220454730757961 6.00955805996826430970 0.00019122006421112494 -0.00320925972685515148 0.00012882828448468331
0.30240385704961797453 0.34527932171885911128 6.00947220205602317122 0.00019374047945047503 -0.00336581506665822872 -0.00024416445620900618
0.30274043855628379740 0.34530373816448001190 6.00956844934038869610 0.00019107774381488834 0.00235715652685541954 0.00014545239501728702
0.30250472290359825545 0.34528919292497828319 6.00950256822226602793 0.00019448605504837624 0.00057224778471365312 0.00059316807199394361
0.30244749812512689013 0.34522987611777888883 6.00963849829966889615 0.00018995894079802954 -0.00087183259145362513 -0.00003782922153305890
0.30253468138427225265 0.34523365903993219472 6.00972924966800547963 0.00019106067259046073 0.00145413405050476285 -0.00083324881172686105
0.30238926797922177636 0.34531698392110488083 6.00974965606580369126 0.00019190643393014075 0.00191830323847952400 0.00022743821803672404
0.30219743765537382396 0.34529424009930120842 6.01000389323561456933 0.00019362602942803371 -0.00236246138385354243 0.00068177638334887547
0.30243368379375917820 0.34522606246096632088 6.01001677853693472287 0.00019094989315031753 -0.00043685672990179114 0.00049337992136244679
0.30247736946674935732 0.34517672446883007620 6.00989422142959295314 0.00019178710088411843 0.00269758906679129495 -0.00006128062590704531
0.30220761056007022782 0.34518285253142078073 6.00967337266881962421 0.00019064272451874956 -0.00168645598241923267 0.00061024491504468870
0.30237625615831215109 0.34512182803991631186 6.00963036461870192539 0.00019014204264542747 -0.00360217074391044889 0.00025258819391638099
0.30273647323270319598 0.34509656922052467376 6.00980038069443178728 0.00019218460685832409 -0.00067204746034832397 0.00005027558147574496
0.30280367797873802838 0.34509154166237709926 6.00982384948902748079 0.00019321201283301287 0.00270389877599086503 -0.00005813195036452612
0.30253328810113894187 0.34509735485741355188 6.00990579144170755654 0.00019175384849352302 0.00308854210739895052 0.00052410375017686306
0.30222443389039904682 0.34504494448239586557 6.00968414670137107692 0.00019136568884361521 -0.00033675670607635766 0.00000173420078297681
0.30225810956100668259 0.34504477106231756789 6.00960587023149450658 0.00019068326411344859 -0.00605634376116270801 -0.00009264924516472206
0.30286374393712295339 0.34505403598683404010 6.00954898526080150134 0.00019146653819173930 0.00311653771456477102 0.00040143188284602616
0.30255209016566647628 0.34501389279854943748 6.00956502162752759233 0.00019050476057612699 0.00199656311572482537 0.00000279493939103759
0.30235243385409399375 0.34501361330461033372 6.00988498973161799910 0.00019180181770602194 0.00023287458805754113 -0.00051283860091899669
0.30232914639528823963 0.34506489716470223339 6.01011615319158387649 0.00019097673705470447 0.00115492424690444295 -0.00017777915495287289
0.30221365397059779534 0.34508267508019752068 6.00983816699591510968 0.00019171408872579193 0.00165069985058607926 0.00027005004188396242
0.30204858398553918741 0.34505567007600912444 6.00988615051626506869 0.00019081532367196875 -0.00531398285197326459 -0.00007795384426856344
0.30257998227073651387 0.34506346546043598078 6.00977097132685678105 0.00019157448323263261 0.00120689126648088063 -0.00050813745078315264
0.30245929314408842581 0.34511427920551429605 6.00991936352127797960 0.00019416096731171440 0.00084804214539602185 0.00005526290847157611
0.30237448892954882362 0.34510875291466713843 6.00990726892767224143 0.00019168944151307170 -0.00173135376480004766 0.00050101314386097329
0.30254762430602882839 0.34505865160028104111 6.01004800583655196533 0.00019194995237247045 0.00005613632403367319 0.00087527718672930632
0.30254201067362546107 0.34497112388160811047 6.00924499214170282357 0.00019100190129861170 0.00188518126531533881 -0.00084092651952971664
0.30235349254709392719 0.34505521653356108214 6.00931281230731162424 0.00019059285813922264 0.00061996502687122756 -0.00012197253251855500
0.30229149604440680443 0.34506741378681293764 6.00937293430293451024 0.00020178285167989692 0.00386986634781649741 0.00014080609522792997
0.30190450940962515469 0.34505333317729014464 6.00979740917612481610 0.00019237167047199120 -0.00314825302849541799 -0.00013468594461940597
0.30221933471247469649 0.34506680177175208524 6.00977474042799286735 0.00019206288113720151 -0.00215592987995449903 0.00015913520901023048
0.30243492770047014639 0.34505088825085106219 6.00986356153133716163 0.00019000820341703365 -0.00086685971689703933 -0.00013819055855179840
0.30252161367215985033 0.34506470730670624203 6.00960841269809709075 0.00019211905704280519 -0.00062966895031379977 -0.00045481115762413538
0.30258458056719123030 0.34511018842246865557 6.00947413604992153324 0.00019285060323800471 0.00448753934190193604 0.00036181769980103695
0.30213582663300103670 0.34507400665248855187 6.00980192845290961401 0.00019051519767928162 -0.00184783638212948631 -0.00031997136318295816
0.30232061027121398533 0.34510600378880684769 6.00956063031092568849 0.00019072697419540986 0.00098745546539547036 -0.00057332821690181390
0.30222186472467443830 0.34516333661049702908 6.00979964421901513560 0.00019112409074646788 -0.00070625124548584495 0.00002097418683177921
0.30229248984922302279 0.34516123919181385116 6.00940825731933703224 0.00019152323329070905 0.00106874926997235775 0.00016896199950267032
0.30218561492222578702 0.34514434299186358412 6.00972425269997234665 0.00019030893811779206 -0.00128892811002145891 -0.00042129769006749029
0.30231450773322793291 0.34518647276087033315 6.00971149978852725582 0.00019186411490637880 0.00290919925571841986 0.00020762771635318700
0.30202358780765609092 0.34516570998923501445 6.01031974924978484864 0.00019120169769317434 0.00030054819877278760 0.00105871316735672849
0.30199353298777881216 0.34505983867249934161 6.00938266984279501060 0.00019139148059170306 -0.00353474908498796481 -0.00035535607567638294
0.30234700789627760864 0.34509537428006697990 6.00989629352830512232 0.00019206891114125255 -0.00099741668080355339 0.00005387247847821186
0.30244674956435796398 0.34508998703221915871 6.00971868724384261640 0.00019089813090119440 -0.00159752708839278057 -0.00064651409692473294
0.30260650227319724204 0.34515463844191163201 6.01010415739500203358 0.00019163270457231251 0.00135892465857878619 0.00017714012789937783
0.30247060980733936342 0.34513692442912169422 6.00966333686680176385 0.00019129547848358404 0.00004355440541559119 -0.00003474196441644040
0.30246625436679780430 0.34514039862556333826 6.01001282486987076226 0.00019009639679964653 0.00420235903808574562 0.00039209091973191335
0.30204601846298922974 0.34510118953359014693 6.00963435182329153150 0.00019054323325257702 -0.00267333245806966602 0.00003438665086008541
0.30231335170879619634 0.34509775086850413839 6.00964783765054288978 0.00019139541611264984 0.00216789602669464898 0.00048802567942374253
0.30209656210612673144 0.34504894830056176414 6.00964578417972639102 0.00019172731909099185 -0.00239304908378201731 -0.00024439994250613495
0.30233586701450493317 0.34507338829481237763 6.00949688886522892517 0.00019154336072956340 0.00089827279303733576 -0.00044039286528629873
0.30224603973520119959 0.34511742758134100750 6.00958039389175180389 0.00019506355332808494 -0.00122693914406113436 0.00010863130039950875
0.30236873364960731303 0.34510656445130105663 6.01001680860451159560 0.00019172689370274384 -0.00412616368894447305 -0.00070556514941699788
0.30278135001850176033 0.34517712096624275642 6.00947760782297280002 0.00019310749581026183 0.00303338214946435869 -0.00056073762122466064
0.30247801180355532447 0.34523319472836522248 6.00973680881789729114 0.00019026990577290115 0.00108199182990986742 0.00043312441722065387
0.30236981262056433772 0.34518988228664315709 6.00995880457018483156 0.00019170413950938091 -0.00201247502351620255 -0.00030700117115145531
0.30257106012291595798 0.34522058240375830263 6.00944752250945768424 0.00019223103485500032 0.00283753708840706054 0.00040337951379143533
0.30228730641407525193 0.34518024445237915909 6.00961804772316998680 0.00019604980106540542 -0.00149278385164208771 -0.00007976506610773981
0.30243658479923946070 0.34518822095898993307 6.01002062112758039802 0.00019183851173790010 -0.00325946493751061439 0.00058057373486519737
0.30276253129299052214 0.34513016358550341334 6.01002781328312174480 0.00019047274352481468 -0.00053543547506862410 -0.00042368736963283027
0.30281607484049738455 0.34517253232246669636 6.00980126047194040950 0.00019620311752221529 0.00198654502447936920 0.00033553699818611449
0.30261742033804944763 0.34513897862264808492 6.00978782481818285532 0.00019093247326454354 0.00200671444039457469 0.00044955934308532619
0.30241674889400999016 0.34509402268833955230 6.01000745115918011408 0.00019013403938044918 0.00078522306035111455 0.00032201466559911296
0.30233822658797487870 0.34506182122177964100 6.00997934852751125590 0.00019212365556308777 0.00034498957157680366 0.00045203715570707459
0.30230372763081719834 0.34501661750620893354 6.00964119705328503329 0.00019180912635394530 -0.00119235976070442007 -0.00020408292522589022
0.30242296360688764034 0.34503702579873152256 6.00975640589291870697 0.00019162930016023712 -0.00413034660518007968 0.00025201378406336516
0.30283599826740564831 0.34501182442032518605 6.00955872974761096117 0.00019074461944404815 0.00478200737275003007 0.00038737739860295051
0.30235779753013064530 0.34497308668046489100 6.00968777767191042471 0.00019114927108846146 0.00089595284258336960 -0.00036449809037719660
