0.100000 0.49999960883331467931 1.49999726073145600580 2.49999021203720461770 3.49997532022389945539 4.49994943387952073266
0.070000 0.49999990614809797229 1.49999934290656322666 2.49999765265558115956 3.49999408303279535559 4.49998788064644283935
0.046550 0.49999998165430287189 1.49999987156414116285 2.49999954123344592105 3.49999884376787351314 4.49999763215063186550
0.032000 0.49999999590459459631 1.49999997132749718354 2.49999989757653429123 3.49999974188058615709 4.49999947143072098754
0.021670 0.49999999914359161135 1.49999999397075645113 2.49999997846557020509 3.49999994572767469947 4.49999988886878110605
0.014780 0.49999999981376447300 1.49999999869718436685 2.49999999534185546324 3.49999998825750102682 4.49999997595628720148
0.010000 0.49999999996653876622 1.49999999972966713280 2.49999999902744862723 3.49999999753916801737 4.49999999496832892021
0.006900 0.49999999999247618510 1.49999999994280575066 2.49999999978029352476 3.49999999944427253595 4.49999999885981516456
0.004500 0.50000000000276689782 1.49999999999068500678 2.49999999996292876503 3.49999999990103605185 4.49999999979368325853
0.003200 0.50000000000167765801 1.49999999999684474616 2.49999999999444133536 3.49999999997753086234 4.49999999994751487264
0.002200 0.49999999999985289545 1.50000000000183919546 2.50000000000517097476 3.49999999999552180441 4.49999999998893596143
0.001500 0.50000000000614741591 1.49999999999941890927 2.50000000000268673972 3.50000000000428190816 4.49999999999922550842
0.001000 0.50000000000126409994 1.50000000001138200645 2.50000000001025401986 3.50000000000211475282 4.50000000000119193544
0.000694 0.50000000000317956772 1.50000000000161048952 2.50000000000479971618 3.50000000000891375862 4.50000000001107203218
0.000470 0.50000000000846767101 1.49999999999207833667 2.49999999999484501245 3.50000000001398348104 4.50000000000239719355
0.000323 0.50000000002320388326 1.50000000001461386567 2.50000000001720090737 3.49999999999469046941 4.50000000002001510069
0.000220 0.50000000003982136842 1.50000000002346212113 2.50000000001409183881 3.49999999999976774134 4.50000000000521360732
0.000150 0.49999999998544236712 1.50000000004102607143 2.49999999999324407085 3.49999999998728750228 4.50000000004041478263
0.000100 0.49999999996638311295 1.50000000002888911332 2.50000000001593836174 3.50000000016462209373 4.50000000004725109193
0.000070 0.49999999997396515905 1.50000000011635070685 2.50000000005000799774 3.49999999983420240213 4.50000000014332623977
