0.100000 0.49999960883593552730 1.49999726072898065254 2.49999021203466753605 3.49997532021780699552 4.49994943388289225794
0.070000 0.49999990614711026238 1.49999934290134473436 2.49999765265091555833 3.49999408303101322559 4.49998788146259354193
0.046550 0.49999998165282139029 1.49999987156003067312 2.49999954123182144272 3.49999884376204750680 4.49999763215024106700
0.032000 0.49999999590344301748 1.49999997132285578516 2.49999989757611329466 3.49999974187683449145 4.49999947142889222818
0.021670 0.49999999913851389532 1.49999999396982319766 2.49999997846320276551 3.49999994572570516382 4.49999988886371493635
0.014780 0.49999999981357201584 1.49999999869516154050 2.49999999533962879994 3.49999998825569536010 4.49999997595195022626
0.010000 0.49999999996088984044 1.49999999972649655788 2.49999999902330616308 3.49999999753955037818 4.49999999496079627903
0.006900 0.49999999999120414707 1.49999999993819832511 2.49999999977859088673 3.49999999944978812394 4.49999999885762491658
0.004500 0.49999999999815586404 1.49999999998880184648 2.49999999996011945669 3.49999999989887777829 4.49999999979356513080
0.003200 0.49999999999920069493 1.49999999999678834683 2.49999999999058353239 3.49999999997431743282 4.49999999994719157570
0.002200 0.49999999999950500706 1.49999999999971445064 2.49999999999626298930 3.49999999999480726487 4.49999999998858157824
0.001500 0.50000000001008115813 1.49999999999913691262 2.50000000000079225515 3.49999999999897282166 4.49999999999811262086
0.001000 0.49999999999952443597 1.50000000000653566090 2.50000000000572475400 3.50000000000111644027 4.50000000000110311760
0.000694 0.50000000000758659802 1.49999999999939204187 2.50000000000205124806 3.50000000000403943545 4.50000000000666933175
0.000470 0.50000000000697253366 1.49999999998786259781 2.49999999999305755338 3.50000000001164623953 4.49999999999848832033
0.000323 0.50000000002548738998 1.50000000000805244760 2.50000000001497246771 3.49999999999234123749 4.50000000002337063876
0.000220 0.50000000003866940101 1.50000000002172617641 2.50000000001413802408 3.49999999999990407673 4.50000000000556354962
0.000150 0.49999999998191663186 1.50000000003583089381 2.49999999999199662426 3.49999999999168798226 4.50000000003760103340
0.000100 0.49999999997072164248 1.50000000002464384252 2.50000000001318545273 3.50000000016152368332 4.50000000004733458070
0.000070 0.49999999997464428247 1.50000000011590617355 2.50000000004567102252 3.49999999983453413677 4.50000000014481749133
