0.100000 0.49999960883235050613 1.49999726072931438559 2.49999021203494375953 3.49997532021768620325 4.49994943387965662396
0.070000 0.49999990614713979431 1.49999934290199887776 2.49999765265091955513 3.49999408303172465651 4.49998788064547472487
0.046550 0.49999998165349440749 1.49999987155864800137 2.49999954123211631796 3.49999884376260839147 4.49999763215022863250
0.032000 0.49999999590393245930 1.49999997132330564753 2.49999989757670526558 3.49999974187718354557 4.49999947142958678370
0.021670 0.49999999913894777048 1.49999999397040562066 2.49999997846332622231 3.49999994572580330754 4.49999988886432156221
0.014780 0.49999999981413262296 1.49999999869565447952 2.49999999533986327904 3.49999998825591474017 4.49999997595252398952
0.010000 0.49999999996143768000 1.49999999972664976866 2.49999999902357750159 3.49999999753923507484 4.49999999496129721166
0.006900 0.49999999999130484429 1.49999999993880139826 2.49999999977925835282 3.49999999944264583718 4.49999999885795798349
0.004500 0.49999999999816996388 1.49999999998902233678 2.49999999996036592620 3.49999999989911891873 4.49999999979360065794
0.003200 0.49999999999952543517 1.49999999999726751909 2.49999999999074340451 3.49999999997475752522 4.49999999994705390804
0.002200 0.49999999999951549867 1.50000000000010347279 2.49999999999649746840 3.49999999999535793549 4.49999999998868460693
0.001500 0.50000000000149968926 1.49999999999877031698 2.50000000000126165745 3.49999999999952216001 4.49999999999860378352
0.001000 0.49999999999967620345 1.50000000000617417228 2.50000000000620525853 3.50000000000094990682 4.50000000000169020353
0.000694 0.50000000000088140606 1.49999999999936517447 2.50000000000215338858 3.50000000000372057940 4.50000000000719069249
0.000470 0.50000000000708122450 1.49999999998783639654 2.49999999999277378038 3.50000000000932365296 4.49999999999796163053
0.000323 0.50000000001899091995 1.50000000000821742674 2.50000000001474420586 3.49999999999245536841 4.50000000002023270440
0.000220 0.50000000003911326818 1.50000000002242517283 2.50000000001562661112 3.50000000000029309888 4.50000000000519673193
0.000150 0.49999999998248201294 1.50000000003620548306 2.49999999999210498203 3.49999999998741140317 4.50000000003782485436
0.000100 0.49999999996400740221 1.50000000002364397567 2.50000000001277600248 3.50000000016314949391 4.50000000004757971794
0.000070 0.49999999997386113115 1.50000000011589840199 2.50000000004482059168 3.49999999983441556495 4.50000000014321521746
