0.100000 0.49999960883744193341 1.49999726073222361400 2.49999021203785298795 3.49997532022277768604 4.49994943388111146021
0.070000 0.49999990614859435301 1.49999934290490788413 2.49999765265382833945 3.49999408303317904867 4.49998788064983834545
0.046550 0.49999998165785813908 1.49999987156155700774 2.49999954123357071012 3.49999884376769943017 4.49999763215095605062
0.032000 0.49999999590902349800 1.49999997132330564753 2.49999989758034191212 3.49999974188009277398 4.49999947143176903808
0.021670 0.49999999913967502208 1.49999999397549665936 2.49999997846623500664 3.49999994572871253595 4.49999988886941260091
0.014780 0.49999999981849635455 1.49999999870074551822 2.49999999534422689962 3.49999998825882396858 4.49999997595616019197
0.010000 0.49999999996216493159 1.49999999973028597111 2.49999999902575975597 3.49999999754287172138 4.49999999496566083224
0.006900 0.49999999999348671009 1.49999999993952859434 2.49999999978216758123 3.49999999944700945775 4.49999999886086676781
0.004500 0.49999999999816996388 1.49999999999265876127 2.49999999996545696490 3.49999999990202770306 4.49999999979505549419
0.003200 0.50000000000097999386 1.49999999999726751909 2.49999999999583444321 3.49999999997693933551 4.49999999995141752862
0.002200 0.50000000000169730896 1.50000000000010347279 2.49999999999940625273 3.49999999999608535362 4.49999999999377564563
0.001500 0.50000000000440880665 1.49999999999877031698 2.50000000000635269615 3.50000000000097655217 4.49999999999860378352
0.001000 0.50000000000476718665 1.50000000000835576053 2.50000000001056887911 3.50000000000240429898 4.50000000000532640598
0.000694 0.50000000000088140606 1.50000000000445643522 2.50000000000506261699 3.50000000000517497156 4.50000000000864552874
0.000470 0.50000000001071764899 1.49999999999147259899 2.49999999999495603475 3.50000000001223288137 4.50000000000087041485
0.000323 0.50000000001971811603 1.50000000000821742674 2.50000000001838085240 3.49999999999463717870 4.50000000002241495878
0.000220 0.50000000004056788239 1.50000000002606181937 2.50000000001635402924 3.50000000000247535326 4.50000000000592415006
0.000150 0.49999999998611849295 1.50000000004056910363 2.49999999999501376635 3.49999999999177502374 4.50000000004073363868
0.000100 0.49999999996400740221 1.50000000002582600800 2.50000000001641220493 3.50000000016533174829 4.50000000005194333852
0.000070 0.49999999997531574536 1.50000000011589840199 2.50000000004554756572 3.49999999983659781932 4.50000000014467005371
