0.100000 0.49999960883189592531 1.49999726072904171481 2.49999021203467108876 3.49997532021750457076 4.49994943387938395318
0.070000 0.49999990614713979431 1.49999934290136249793 2.49999765265091955513 3.49999408303108827667 4.49998788064492938332
0.046550 0.49999998165285797214 1.49999987155864800137 2.49999954123184364718 3.49999884376206304992 4.49999763215022863250
0.032000 0.49999999590347787848 1.49999997132276008394 2.49999989757615992403 3.49999974187691043070 4.49999947142895084795
0.021670 0.49999999913858411693 1.49999999396986005706 2.49999997846323518402 3.49999994572571226925 4.49999988886377622066
0.014780 0.49999999981358717038 1.49999999869519995421 2.49999999533968164656 3.49999998825573310768 4.49999997595197864797
0.010000 0.49999999996089222742 1.49999999972655873037 2.49999999902330483081 3.49999999753905344235 4.49999999496084246431
0.006900 0.49999999999121391703 1.49999999993825583466 2.49999999977862197298 3.49999999944210049563 4.49999999885777590691
0.004500 0.49999999999816996388 1.49999999998874966600 2.49999999996018429371 3.49999999989893728625 4.49999999979360065794
0.003200 0.49999999999925265337 1.49999999999681299379 2.49999999999065236622 3.49999999997430277787 4.49999999994669064307
0.002200 0.49999999999951549867 1.49999999999946687090 2.49999999999631583592 3.49999999999472199974 4.49999999998859312456
0.001500 0.50000000000140876200 1.49999999999877031698 2.50000000000062572170 3.49999999999897681846 4.49999999999805933015
0.001000 0.49999999999940347717 1.50000000000617417228 2.50000000000575095527 3.50000000000094990682 4.50000000000114575016
0.000694 0.50000000000051780802 1.49999999999909250370 2.50000000000197175609 3.50000000000372057940 4.50000000000664623911
0.000470 0.50000000000689948099 1.49999999998765454201 2.49999999999277378038 3.50000000000914157638 4.49999999999796163053
0.000323 0.50000000001899091995 1.50000000000803579425 2.50000000001410827011 3.49999999999236477422 4.50000000002005062782
0.000220 0.50000000003865874287 1.50000000002178879299 2.50000000001499023128 3.49999999999974775733 4.50000000000492494934
0.000150 0.49999999998193656037 1.50000000003584177399 2.49999999999192334954 3.49999999998677457924 4.50000000003727951281
0.000100 0.49999999996346194964 1.50000000002337108285 2.50000000001241229342 3.50000000016251311408 4.50000000004694289402
0.000070 0.49999999997340655034 1.50000000011589840199 2.50000000004454747682 3.49999999983387022340 4.50000000014285106431
