0.100000 0.49999960883186028715 1.49999726072921424347 2.49999021203487847842 3.49997532021761559307 4.49994943387952073266
0.070000 0.49999990614737077621 1.49999934290151770711 2.49999765265113893520 3.49999408303100967288 4.49998788064491872518
0.046550 0.49999998165284853524 1.49999987155898883984 2.49999954123199907841 3.49999884376242942352 4.49999763215063186550
0.032000 0.49999999590386734472 1.49999997132314311088 2.49999989757653429123 3.49999974187689444349 4.49999947142887268825
0.021670 0.49999999913922865691 1.49999999397002836687 2.49999997846368593457 3.49999994572574157914 4.49999988886370783092
0.014780 0.49999999981376447300 1.49999999869572753219 2.49999999534020123093 3.49999998825572600225 4.49999997595199907607
0.010000 0.49999999996145139125 1.49999999972675923665 2.49999999902331548896 3.49999999753916801737 4.49999999496079450267
0.006900 0.49999999999174815635 1.49999999993843835533 2.49999999977882803037 3.49999999944214623682 4.49999999885762225205
0.004500 0.49999999999840394338 1.49999999998922972644 2.49999999996017230330 3.49999999989888621599 4.49999999979368325853
0.003200 0.49999999999949612528 1.49999999999684474616 2.49999999999057731515 3.49999999997431476828 4.49999999994751487264
0.002200 0.49999999999985289545 1.49999999999965316633 2.49999999999647570803 3.49999999999552180441 4.49999999998893596143
0.001500 0.50000000000178435045 1.49999999999941890927 2.50000000000070787820 3.49999999999937694284 4.49999999999804511930
0.001000 0.49999999999980976328 1.50000000000632915942 2.50000000000573141534 3.50000000000098099306 4.50000000000108180132
0.000694 0.50000000000099797948 1.49999999999942401629 2.50000000000198818739 3.50000000000372724074 4.50000000000682831569
0.000470 0.50000000000701327885 1.49999999998771360588 2.49999999999301270037 3.50000000000913136233 4.49999999999811528539
0.000323 0.50000000001956790285 1.50000000001024469398 2.50000000001434230512 3.49999999999244693072 4.50000000002001510069
0.000220 0.50000000003909361723 1.50000000002196065552 2.50000000001409183881 3.49999999999976774134 4.50000000000521360732
0.000150 0.49999999998253369382 1.50000000003619438083 2.49999999999190958277 3.49999999998445820992 4.50000000003754863087
0.000100 0.49999999996347438413 1.50000000002384803466 2.50000000001237143721 3.50000000016129542146 4.50000000004725109193
0.000070 0.49999999997396515905 1.50000000011635070685 2.50000000004493294625 3.49999999983420240213 4.50000000014332623977
