0.100000 0.49999960883186028715 1.49999726072898509344 2.49999021203466842422 3.49997532021761559307 4.49994943387935730783
0.070000 0.49999990614709782788 1.49999934290134429027 2.49999765265091555833 3.49999408303100967288 4.49998788064490895522
0.046550 0.49999998165284853524 1.49999987155865399657 2.49999954123181966636 3.49999884376204217773 4.49999763215022863250
0.032000 0.49999999590350380219 1.49999997132278406475 2.49999989757611373875 3.49999974187689444349 4.49999947142887268825
0.021670 0.49999999913855985856 1.49999999396984096123 2.49999997846321209138 3.49999994572569761431 4.49999988886370783092
0.014780 0.49999999981358311807 1.49999999869517153250 2.49999999533964079035 3.49999998825569491601 4.49999997595199907607
0.010000 0.49999999996090854770 1.49999999972654074476 2.49999999902331548896 3.49999999753903168198 4.49999999496079450267
0.006900 0.49999999999120303684 1.49999999993825094968 2.49999999977859577172 3.49999999944214623682 4.49999999885762225205
0.004500 0.49999999999822181129 1.49999999998873767559 2.49999999996017230330 3.49999999989888621599 4.49999999979351983370
0.003200 0.49999999999922950522 1.49999999999676347784 2.49999999999057465061 3.49999999997431476828 4.49999999994669863668
0.002200 0.49999999999948951945 1.49999999999944999551 2.49999999999626476566 3.49999999999482769297 4.49999999998853450478
0.001500 0.50000000000141953116 1.49999999999910138548 2.50000000000057820415 3.49999999999899857883 4.49999999999804511930
0.001000 0.49999999999944666484 1.50000000000621258600 2.50000000000573141534 3.50000000000098099306 4.50000000000108180132
0.000694 0.50000000000054356519 1.49999999999906252768 2.50000000000194466665 3.50000000000372724074 4.50000000000668176625
0.000470 0.50000000000692201851 1.49999999998762412190 2.49999999999301270037 3.50000000000913136233 4.49999999999793764971
0.000323 0.50000000001902256130 1.50000000000988165105 2.50000000001409494743 3.49999999999234923109 4.50000000002001510069
0.000220 0.50000000003866740261 1.50000000002175126745 2.50000000001405142669 3.49999999999976774134 4.50000000000492139662
0.000150 0.49999999998189703643 1.50000000003587130593 2.49999999999190958277 3.49999999998408384272 4.50000000003724132114
0.000100 0.49999999996347438413 1.50000000002339661798 2.50000000001237143721 3.50000000016087398080 4.50000000004697131573
0.000070 0.49999999997341981750 1.50000000011589906812 2.50000000004449818292 3.49999999983389997738 4.50000000014286705152
