0.100000 0.49999960883180971649 1.49999726072907257901 2.49999021203833038385 3.49997532029775948459 4.49994943515779599608
0.070000 0.49999990614706679715 1.49999934290142999949 2.49999765265386164614 3.49999408309584358889 4.49998788168419672218
0.046550 0.49999998165282522056 1.49999987155880853962 2.49999954123764922542 3.49999884388862714246 4.49999763411801012580
0.032000 0.49999999590344468281 1.49999997132285489698 2.49999989757921259326 3.49999974194456031640 4.49999947251274612370
0.021670 0.49999999913851189692 1.49999999396997996115 2.49999997846772270549 3.49999994582450391079 4.49999989042377013249
0.014780 0.49999999981358544954 1.49999999869524147655 2.49999999534327344008 3.49999998833560566069 4.49999997722312983228
0.010000 0.49999999996088878573 1.49999999972675257531 2.49999999902697611631 3.49999999761954594391 4.49999999624097224427
0.006900 0.49999999999114203009 1.49999999993827715095 2.49999999978240383669 3.49999999952011231485 4.50000000009863576622
0.004500 0.49999999999816291396 1.49999999998894040232 2.49999999996374011602 3.49999999997648236771 4.50000000103459196765
0.003200 0.49999999999919370053 1.49999999999697197772 2.49999999999462518829 3.50000000005758638011 4.50000000127050192589
0.002200 0.49999999999948335772 1.49999999999947841722 2.50000000000053379523 3.50000000007322498163 4.50000000124810384250
0.001500 0.50000000000135291778 1.49999999999921485028 2.50000000000519939647 3.50000000008005285324 4.50000000127654242732
0.001000 0.49999999999955818675 1.50000000000641686704 2.50000000000837507841 3.50000000008290212961 4.50000000128123822662
0.000694 0.50000000000083799634 1.49999999999936384221 2.50000000000463495908 3.50000000008795053574 4.50000000127063604083
0.000470 0.50000000000737143679 1.49999999998762811870 2.49999999999541344664 3.50000000008796607887 4.50000000128149668654
0.000323 0.50000000001898836643 1.50000000001022448792 2.50000000001807576311 3.50000000006978106981 4.50000000127939880912
0.000220 0.50000000003865663345 1.50000000002171174351 2.50000000001958921914 3.50000000007548361936 4.50000000127932153760
0.000150 0.49999999998188726646 1.50000000003582112384 2.49999999999686739471 3.50000000005975664408 4.50000000126640387066
0.000100 0.49999999996356947474 1.50000000002382050113 2.50000000001447819642 3.50000000024694468692 4.50000000133727517948
0.000070 0.49999999997382515993 1.50000000011612133477 2.50000000004786215868 3.49999999991623989004 4.50000000145882594893
