0.100000 0.49999960883180816218 
0.070000 0.49999990614706568692 
0.046550 0.49999998165282016904 
0.032000 0.49999999590343924272 
0.021670 0.49999999913851206346 
0.014780 0.49999999981357096113 
0.010000 0.49999999996088967391 
0.006900 0.49999999999113298177 
0.004500 0.49999999999815264440 
0.003200 0.49999999999919331195 
0.002200 0.49999999999944483298 
0.001500 0.50000000000135047529 
0.001000 0.49999999999940258899 
0.000694 0.50000000000046751492 
0.000470 0.50000000000689925894 
0.000323 0.50000000001895350543 
0.000220 0.50000000003865274767 
0.000150 0.49999999998185590266 
0.000100 0.49999999996341526476 
0.000070 0.49999999997338223645 
