0.100000 0.49999960883180782911 
0.070000 0.49999990614706524283 
0.046550 0.49999998165282039109 
0.032000 0.49999999590343957578 
0.021670 0.49999999913851167488 
0.014780 0.49999999981357162726 
0.010000 0.49999999996088939636 
0.006900 0.49999999999113303728 
0.004500 0.49999999999815297747 
0.003200 0.49999999999919364502 
0.002200 0.49999999999944455542 
0.001500 0.50000000000135047529 
0.001000 0.49999999999940275552 
0.000694 0.50000000000046740389 
0.000470 0.50000000000689881485 
0.000323 0.50000000001895383850 
0.000220 0.50000000003865241460 
0.000150 0.49999999998185634675 
0.000100 0.49999999996341509823 
0.000070 0.49999999997338240298 
