0.100000 1.50000338343740358127 3.50001183497034995540 5.50002323167892104294 
0.070000 1.50000116079586232054 3.50000406148947229568 5.50000797500098315140 
0.046550 1.50000034141212279515 3.50000119475079385367 5.50000234638526031006 
0.032000 1.50000011091629015247 3.50000038817322378648 5.50000076240118040971 
0.021670 1.50000003444493223981 3.50000012055456721782 5.50000023678869176535 
0.014780 1.50000001092830625993 3.50000003825080252540 5.50000007513402611181 
0.010000 1.50000000338591221727 3.50000001184933084986 5.50000002327324732931 
0.006900 1.50000000112078857306 3.50000000389850374205 5.50000000764781571405 
0.004500 1.50000000031853342186 3.50000000107973585628 5.50000000210861372807 
0.003200 1.50000000010566614250 3.50000000039656189443 5.50000000074438588626 
0.002200 1.50000000002880318206 3.50000000010079581614 5.50000000023738166988 
0.001500 1.50000000002762345908 3.50000000004736344650 5.50000000005400302427 
0.001000 1.49999999997963029408 3.50000000014461498665 5.50000000006232703242 
0.000694 1.50000000020306911708 3.49999999998908561949 5.50000000013965717471 
0.000470 1.50000000028349345094 3.49999999980788656373 5.49999999975337150460 
0.000323 1.49999999820389606775 3.49999999956446616878 5.50000000008204992241 
0.000220 1.49999999821939122846 3.50000000064610405914 5.49999999875803524674 
0.000150 1.49999999999261723893 3.50000000156313850752 5.49999999960386531939 
0.000100 1.50000000465076066547 3.49999999922956295251 5.50000000660500987237 
0.000070 1.50000000132329702751 3.50000000065155258966 5.50000000353677798159 
