0.100000 3.49999521810373614983 5.49997143040882274789 7.49990632849165894669 
0.070000 3.49999882935933559480 5.49999302234280129653 7.49997727941776748395 
0.046550 3.49999976948481483774 5.49999862724189281238 7.49999551135559627824 
0.032000 3.49999994842816342100 5.49999969296846469291 7.49999899633863442716 
0.021670 3.49999998914850296572 5.49999993540340170739 7.49999978887127127791 
0.014780 3.49999999765138980479 5.49999998601985140567 7.49999995432598165479 
0.010000 3.49999999950779772107 5.49999999707031950180 7.49999999044802123649 
0.006900 3.49999999988845766907 5.49999999933593120005 7.49999999785541504593 
0.004500 3.49999999997973176846 5.49999999988007015617 7.49999999963245223000 
0.003200 3.49999999999577804388 5.49999999996828492499 7.49999999992544186256 
0.002200 3.49999999999927124961 5.49999999999402877648 7.50000000000379873910 
0.001500 3.49999999999762723135 5.50000000000044764192 7.50000000002091926632 
0.001000 3.49999999999862687616 5.50000000000318056692 7.50000000002353850448 
0.000694 3.50000000000606981132 5.50000000000234301467 7.50000000003096811696 
0.000470 3.49999999999839994658 5.50000000000572075720 7.50000000002677058575 
0.000323 3.50000000002068345495 5.50000000001324451659 7.50000000000071143091 
0.000220 3.50000000000265920619 5.49999999997042632316 7.50000000002750333294 
0.000150 3.49999999998046895655 5.50000000003923528169 7.49999999996480148923 
0.000100 3.49999999995965360711 5.50000000006843148270 7.50000000010793854699 
0.000070 3.49999999994198862652 5.49999999994332888775 7.49999999982043341618 
