0.100000 1.50000338343736205893 3.50001183497029755287 5.50002323167884288324 
0.070000 1.50000116079586343076 3.50000406148948162155 5.50000797500097959869 
0.046550 1.50000034141220783823 3.50000119475076099107 5.50000234638524965192 
0.032000 1.50000011091630192084 3.50000038817322511875 5.50000076240109248005 
0.021670 1.50000003444486584847 3.50000012055453790794 5.50000023678870775257 
0.014780 1.50000001092831869443 3.50000003825073857655 5.50000007513404298720 
0.010000 1.50000000338590888660 3.50000001184930153997 5.50000002327320647311 
0.006900 1.50000000112083009540 3.50000000389847798488 5.50000000764780683227 
0.004500 1.50000000031850766469 3.50000000107971231955 5.50000000210868922323 
0.003200 1.50000000010573741882 3.50000000039660097428 5.50000000074434414188 
0.002200 1.50000000002879030347 3.50000000009877831886 5.50000000023758328638 
0.001500 1.50000000002765920826 3.50000000004733902159 5.50000000005397016167 
0.001000 1.49999999997963051612 3.50000000014460610487 5.50000000006224709637 
0.000694 1.50000000020305357396 3.49999999998911359711 5.50000000013968470824 
0.000470 1.50000000028356716975 3.49999999980782350306 5.49999999975336884006 
0.000323 1.49999999820395779615 3.49999999956448615279 5.50000000008202505342 
0.000220 1.49999999821942897604 3.50000000064608274286 5.49999999875804235216 
0.000150 1.49999999999269739703 3.50000000156315449473 5.49999999960389285292 
0.000100 1.50000000465074068146 3.49999999922955851162 5.50000000660503918226 
0.000070 1.50000000132323196844 3.50000000065153660245 5.50000000353676554710 
