0.100000 1.50000338343737871227 3.50001183504250645839 5.50002324591736879711 
0.070000 1.50000116079601975017 3.50000406155950471998 5.50000798881731878254 
0.046550 1.50000034141232752027 3.50000119483079163984 5.50000236207652193343 
0.032000 1.50000011091661633600 3.50000038825363146699 5.50000077813642906932 
0.021670 1.50000003444503171579 3.50000012063456278355 5.50000025245874102353 
0.014780 1.50000001092830137495 3.50000003833211126292 5.50000009053281591065 
0.010000 1.50000000338595551597 3.50000001192735377131 5.50000003884825794387 
0.006900 1.50000000112085918325 3.50000000397655730566 5.50000002323937664528 
0.004500 1.50000000031844571424 3.50000000116212373058 5.50000001773392543925 
0.003200 1.50000000010565370800 3.50000000048603965297 5.50000001644177682891 
0.002200 1.50000000002885158779 3.50000000019596768652 5.50000001599048893297 
0.001500 1.50000000002763389517 3.50000000012509149272 5.50000001584380182607 
0.001000 1.49999999997958699538 3.50000000021672308392 5.50000001565075979926 
0.000694 1.50000000020303758674 3.50000000006938671859 5.50000001581519359917 
0.000470 1.50000000028358071447 3.49999999988044052657 5.50000001567516338952 
0.000323 1.49999999820390628180 3.49999999963297181438 5.50000001593602760863 
0.000220 1.49999999821939034028 3.50000000073083405994 5.50000001487708090053 
0.000150 1.49999999999269939543 3.50000000159448054760 5.50000001499293400542 
0.000100 1.50000000465075888911 3.49999999930655025793 5.50000002240968477452 
0.000070 1.50000000132329081026 3.50000000075493078455 5.50000001887514144983 
