0.100000 1.50000338344292383219 3.50001183504504576049 5.50002324591745495042 
0.070000 1.50000116079601975017 3.50000406155950471998 5.50000798881731878254 
0.046550 1.50000034141232752027 3.50000119483079163984 5.50000236207652193343 
0.032000 1.50000011091675178321 3.50000038825423054334 5.50000077813658272419 
0.021670 1.50000003444503171579 3.50000012063547716323 5.50000025245881385416 
0.014780 1.50000001092847901063 3.50000003833211126292 5.50000009053367389100 
0.010000 1.50000000338595551597 3.50000001192775611614 5.50000003885457555697 
0.006900 1.50000000112096865124 3.50000000397664479124 5.50000002323942815963 
0.004500 1.50000000031909030973 3.50000000116212373058 5.50000001773392543925 
0.003200 1.50000000010565370800 3.50000000048962078836 5.50000001644592195760 
0.002200 1.50000000002940359067 3.50000000019596768652 5.50000001599068166769 
0.001500 1.50000000003000044657 3.50000000012657430659 5.50000001584380182607 
0.001000 1.49999999998179034399 3.50000000021824098084 5.50000001565091611866 
0.000694 1.50000000020308110749 3.50000000007012745940 5.50000001581627362413 
0.000470 1.50000000028423108311 3.49999999988160137576 5.50000001567687668569 
0.000323 1.49999999820488971736 3.49999999963307129036 5.50000001593631360208 
0.000220 1.49999999822318352827 3.50000000073098282982 5.50000001487807477218 
0.000150 1.49999999999485456037 3.50000000159747548523 5.50000001499431245833 
0.000100 1.50000000465357063995 3.49999999931147209864 5.50000002241117069701 
0.000070 1.50000000132518040985 3.50000000075893114015 5.50000001887604739181 
