0.100000 3.49999521810772362684 5.49997143041128389029 7.49990632848582539083 
0.070000 3.49999882936327022520 5.49999302234612930107 7.49997716688282434205 
0.046550 3.49999976948619240247 5.49999862724376775702 7.49999551133909214684 
0.032000 3.49999994843138129141 5.49999969296911750405 7.49999899631751532070 
0.021670 3.49999998914879517642 5.49999993540556975091 7.49999978885704887688 
0.014780 3.49999999765634495219 5.49999998602421857896 7.49999995430852184342 
0.010000 3.49999999951078022420 5.49999999707344766620 7.49999999042589049481 
0.006900 3.49999999988893328862 5.49999999934077887787 7.49999999783124238206 
0.004500 3.49999999998532640433 5.49999999988470822387 7.49999999961201524457 
0.003200 3.49999999999712319010 5.49999999997019539677 7.49999999990110755022 
0.002200 3.50000000000320898863 5.49999999999471356205 7.49999999997875121949 
0.001500 3.50000000000055244698 5.50000000000036148862 7.49999999999595523548 
0.001000 3.50000000000269073652 5.50000000000604050143 7.49999999999657784855 
0.000694 3.50000000000994404559 5.50000000000518252108 7.50000000000104360964 
0.000470 3.50000000000241184850 5.50000000000700772773 7.50000000000108357767 
0.000323 3.50000000002131850252 5.50000000001426592178 7.49999999997558841613 
0.000220 3.50000000000368460817 5.49999999997157384968 7.50000000000031885605 
0.000150 3.49999999998370325827 5.50000000004435563028 7.49999999994561328265 
0.000100 3.49999999996296118354 5.50000000007051514928 7.50000000007593570217 
0.000070 3.49999999994707122752 5.49999999994658672620 7.49999999979119014171 
