0.100000 2.50003003230525155942 4.50012340272584054901 6.50028192229138834790 
0.070000 2.50000476121758685721 4.50001902003853881951 6.50004198712646896752 
0.046550 2.50000054490272294316 4.50000201183747883249 6.50000397607177315962 
0.032000 2.50000006736869551105 4.50000020676942735776 6.50000028014477493343 
0.021670 2.50000000600441651954 4.50000000688538737137 6.49999996677524816135 
0.014780 2.50000000011744516470 4.49999999618066759410 6.49999997941491525211 
0.010000 2.49999999985262544300 4.49999999842591336119 6.49999999373231762689 
0.006900 2.49999999994130162051 4.49999999952924678581 6.49999999829138896956 
0.004500 2.49999999998608357643 4.49999999989857091265 6.49999999965055685891 
0.003200 2.49999999999593836009 4.49999999997195931911 6.49999999990539301109 
0.002200 2.49999999999828892427 4.49999999999254818306 6.49999999997758504122 
0.001500 2.49999999999926947325 4.49999999999831423736 6.49999999999567901199 
0.001000 2.49999999999419486585 4.49999999999876454382 6.49999999999477218182 
0.000694 2.50000000000546318546 4.49999999999861355349 6.49999999999748023782 
0.000470 2.50000000000846434034 4.49999999999919531035 6.49999999999528998984 
0.000323 2.49999999998880584329 4.49999999999188826649 6.49999999999219824076 
0.000220 2.49999999997505595317 4.50000000003106759294 6.50000000000709388104 
0.000150 2.49999999996375121825 4.49999999996428723392 6.49999999998596678097 
0.000100 2.50000000002018296641 4.49999999996583799344 6.50000000003941469373 
0.000070 2.50000000017808199360 4.50000000004847144908 6.50000000018477930297 
