0.100000 3.49999521811552583017 5.49997143397690102518 7.49990669311165625288 
0.070000 3.49999882937252282389 5.49999302629954556210 7.49997756784127211915 
0.046550 3.49999976951813085435 5.49999863661411936278 7.49999639642439053233 
0.032000 3.49999994844904316338 5.49999969903971663854 7.49999959059604570655 
0.021670 3.49999998918275334603 5.49999994500066602399 7.50000069338969588273 
0.014780 3.49999999768116731858 5.49999999445323961567 7.50000075775572483394 
0.010000 3.49999999953931206775 5.50000000597970029048 7.50000083534649419903 
0.006900 3.49999999992030241813 5.50000000825434032237 7.50000084353027052231 
0.004500 3.50000000001198152688 5.50000000901594354730 7.50000086420351941285 
0.003200 3.50000000002988498338 5.50000000981924319632 7.50000092621819014482 
0.002200 3.50000000003180833374 5.50000000947463263401 7.50000089450938922653 
0.001500 3.50000000003185007813 5.50000000969989866206 7.50000091363540555278 
0.001000 3.50000000003233946444 5.50000000975125580283 7.50000091784744427059 
0.000694 3.50000000003824141004 5.50000000975338831921 7.50000091770134780234 
0.000470 3.50000000002860423010 5.50000000980222480962 7.50000092216006919443 
0.000323 3.50000000005314859663 5.50000000980281544827 7.50000092317308642009 
0.000220 3.50000000002861488824 5.50000000984132420001 7.50000092580472177417 
0.000150 3.50000000002639222174 5.50000000987024773025 7.50000092504509208169 
0.000100 3.50000000000360289576 5.50000000978021397202 7.50000092547334862303 
0.000070 3.49999999996658672785 5.50000000984705827989 7.50000092597384959703 
