0.100000 2.50003003230862752559 4.50012340272643029948 6.50028192229139278879 
0.070000 2.50000476122017278868 4.50001902003878040404 6.50004198712646896752 
0.046550 2.50000054490308487587 4.50000201184650894248 6.50000397607177315962 
0.032000 2.50000006736926883022 4.50000020677015566406 6.50000028014478470340 
0.021670 2.50000000600553473618 4.50000000688797285875 6.49999996677526059585 
0.014780 2.50000000011818457324 4.49999999618446011596 6.49999997941491525211 
0.010000 2.49999999985605780850 4.49999999842841713615 6.49999999373231762689 
0.006900 2.49999999994696953109 4.49999999953160578769 6.49999999829138896956 
0.004500 2.49999999998665423107 4.49999999989860821614 6.49999999965055685891 
0.003200 2.50000000000145750079 4.49999999997362465365 6.49999999990561772023 
0.002200 2.50000000000289057667 4.49999999999269206796 6.49999999997782218486 
0.001500 2.50000000000254152255 4.49999999999831423736 6.49999999999567901199 
0.001000 2.49999999999644728632 4.50000000000622257801 6.49999999999477218182 
0.000694 2.50000000000861888338 4.49999999999861355349 6.50000000000029132252 
0.000470 2.50000000000932542932 4.49999999999919531035 6.49999999999550848173 
0.000323 2.49999999999039745902 4.49999999999964206410 6.49999999999219824076 
0.000220 2.49999999997599742230 4.50000000003224620571 6.50000000000720845605 
0.000150 2.49999999996812460878 4.49999999996474109309 6.49999999998752819863 
0.000100 2.50000000002136824051 4.49999999996665955848 6.50000000004218225769 
0.000070 2.50000000017986145906 4.50000000005233324885 6.50000000018498536036 
