0.100000 1.50000338344208272723 3.50001183497190826444 5.50002323167884288324 
0.070000 1.50000116079808298863 3.50000406149271547918 5.50000797500577132126 
0.046550 1.50000034141537752497 3.50000119475204796160 5.50000234638524965192 
0.032000 1.50000011091858764800 3.50000038817345338060 5.50000076240251178916 
0.021670 1.50000003444849694390 3.50000012055954456969 5.50000023678870775257 
0.014780 1.50000001093006063435 3.50000003825265348922 5.50000007513404298720 
0.010000 1.50000000338690653301 3.50000001185293951877 5.50000002327487624854 
0.006900 1.50000000112202136471 3.50000000390135346251 5.50000000765206387143 
0.004500 1.50000000031952129831 3.50000000108588249503 5.50000000210868922323 
0.003200 1.50000000010960632402 3.50000000040289327430 5.50000000074434414188 
0.002200 1.50000000003383826552 3.50000000009936584888 5.50000000023915713854 
0.001500 1.50000000002866573645 3.50000000005321343366 5.50000000005438760553 
0.001000 1.49999999998190780559 3.50000000014769518941 5.50000000006273648268 
0.000694 1.50000000020450374727 3.49999999999242961124 5.50000000013994672088 
0.000470 1.50000000028857050083 3.49999999980970866176 5.49999999975572517741 
0.000323 1.49999999820414142704 3.49999999956497109821 5.50000000008469847046 
0.000220 1.49999999821942897604 3.50000000064608274286 5.49999999875902112478 
0.000150 1.49999999999724198396 3.50000000156758073189 5.49999999960405272503 
0.000100 1.50000000465355842749 3.49999999923199167640 5.50000000660602683666 
0.000070 1.50000000132323196844 3.50000000065337824040 5.50000000354461082708 
