0.100000 2.50003003230606202223 4.50012340327061899359 6.50028197427155873811 
0.070000 2.50000476121849946054 4.50001902044861079588 6.50004204447446642945 
0.046550 2.50000054490510059679 4.50000201284340839436 6.50000410703510400623 
0.032000 2.50000006737012059332 4.50000020740839801192 6.50000036656636481780 
0.021670 2.50000000600683858210 4.50000000791575072157 6.50000010074228917745 
0.014780 2.50000000011955147983 4.49999999707900943946 6.50000009779297194257 
0.010000 2.49999999985491339061 4.49999999938621630946 6.50000011849562930877 
0.006900 2.49999999994357491317 4.50000000048136961084 6.50000012317469888501 
0.004500 2.49999999998860289452 4.50000000088142471100 6.50000012744825639288 
0.003200 2.49999999999886313162 4.50000000102925756806 6.50000013724304714913 
0.002200 2.50000000000080779827 4.50000000100845998219 6.50000013239847618252 
0.001500 2.50000000000169864123 4.50000000103997521705 6.50000013537177512291 
0.001000 2.49999999999810418316 4.50000000104315578398 6.50000013602379222988 
0.000694 2.50000000000828093150 4.50000000104745101481 6.50000013600910708789 
0.000470 2.50000000001123945381 4.50000000105255271166 6.50000013669425591445 
0.000323 2.49999999999115152249 4.50000000105227382363 6.50000013685442290523 
0.000220 2.49999999997730348866 4.50000000105559561092 6.50000013728207903796 
0.000150 2.49999999996741184560 4.50000000102018571368 6.50000013717475422226 
0.000100 2.50000000003013633787 4.50000000106931530297 6.50000013730630232800 
0.000070 2.50000000018455725836 4.50000000113603526586 6.50000013708925816758 
