0.100000 2.50003003230565568060 4.50012340273162614324 6.50028192229495260790 
0.070000 2.50000476122339598817 4.50001902004189435758 6.50004198713099778928 
0.046550 2.50000054490297562992 4.50000201184062920134 6.50000397607402469191 
0.032000 2.50000006737044300209 4.50000020677131207236 6.50000028014634434470 
0.021670 2.50000000600891514324 4.50000000688993484488 6.49999996677532809741 
0.014780 2.50000000012293988050 4.49999999618552326552 6.49999997941632567944 
0.010000 2.49999999985431742289 4.49999999842605458156 6.49999999373342873810 
0.006900 2.49999999994676214143 4.49999999953115459306 6.49999999829432972831 
0.004500 2.49999999998774846688 4.49999999990112087289 6.49999999965325070406 
0.003200 2.50000000000145883305 4.49999999997487343251 6.49999999990570742625 
0.002200 2.50000000000098410169 4.49999999999412292340 6.49999999997884092551 
0.001500 2.49999999999969046982 4.50000000000345767859 6.49999999999755040392 
0.001000 2.49999999999659472394 4.50000000000170263803 6.49999999999513367044 
0.000694 2.50000000000919442300 4.50000000000206235029 6.50000000000287236901 
0.000470 2.50000000001002664618 4.50000000000470379291 6.50000000000037747583 
0.000323 2.49999999999255306804 4.49999999999458122346 6.49999999999427569009 
0.000220 2.49999999997791810813 4.50000000003414957206 6.50000000001132605121 
0.000150 2.49999999996716937289 4.49999999996453592388 6.49999999998830269021 
0.000100 2.50000000002444888736 4.49999999997009858532 6.50000000004040767720 
0.000070 2.50000000017867973767 4.50000000005141576054 6.50000000019388046724 
