0.100000 3.49999521810381430953 5.49997143040882896514 7.49990632848346105988 
0.070000 3.49999882935936090789 5.49999302234276665757 7.49997716688173365895 
0.046550 3.49999976948482860450 5.49999862724185906160 7.49999551133654662749 
0.032000 3.49999994842819939223 5.49999969296839008592 7.49999899631424327140 
0.021670 3.49999998914852250564 5.49999993540338749654 7.49999978885504869908 
0.014780 3.49999999765143599006 5.49999998601976436419 7.49999995430488564097 
0.010000 3.49999999950777995750 5.49999999707026621110 7.49999999042416209960 
0.006900 3.49999999988847854127 5.49999999933577932154 7.49999999782951309868 
0.004500 3.49999999997978061828 5.49999999987989074413 7.49999999960756102979 
0.003200 3.49999999999585043042 5.49999999996810462477 7.49999999989992627292 
0.002200 3.49999999999929967132 5.49999999999398703210 7.49999999997693311826 
0.001500 3.49999999999764366265 5.50000000000036148862 7.49999999999404654005 
0.001000 3.49999999999859934263 5.50000000000285904633 7.49999999999640909465 
0.000694 3.50000000000621636076 5.50000000000236433095 7.50000000000086153307 
0.000470 3.49999999999841149290 5.50000000000573407988 7.50000000000062971850 
0.000323 3.50000000002068212268 5.50000000001326583288 7.49999999997495336856 
0.000220 3.50000000000268407518 5.49999999997039168420 7.49999999999731947753 
0.000150 3.49999999998052091499 5.50000000003926459158 7.49999999994434052297 
0.000100 3.49999999995968869015 5.50000000006842437728 7.50000000007230038790 
0.000070 3.49999999994207167120 5.49999999994331378872 7.49999999979074782885 
