0.100000 1.50000338343751438153 3.50001183497030332603 5.50002323167908446777 
0.070000 1.50000116079585188444 3.50000406148948517426 5.50000797500122651229 
0.046550 1.50000034141223648199 3.50000119475075122111 5.50000234638538376686 
0.032000 1.50000011091628593363 3.50000038817324554685 5.50000076240124791127 
0.021670 1.50000003444488849702 3.50000012055454545745 5.50000023678896621249 
0.014780 1.50000001092825319127 3.50000003825074657016 5.50000007513419042482 
0.010000 1.50000000338592798244 3.50000001184933040577 5.50000002327334502894 
0.006900 1.50000000112084630466 3.50000000389847043536 5.50000000764790097918 
0.004500 1.50000000031844771264 3.50000000107970254959 5.50000000210893968955 
0.003200 1.50000000010569567443 3.50000000039652858774 5.50000000074464079347 
0.002200 1.50000000002879296801 3.50000000010078293755 5.50000000023733015553 
0.001500 1.50000000002757971629 3.50000000004740874360 5.50000000005398614888 
0.001000 1.49999999997965693943 3.50000000014466206011 5.50000000006229594618 
0.000694 1.50000000020427637359 3.49999999998907496135 5.50000000014204548648 
0.000470 1.50000000028351809789 3.49999999980785370113 5.49999999975329689761 
0.000323 1.49999999820395646388 3.49999999956445817517 5.50000000008204104063 
0.000220 1.49999999821944784983 3.50000000064612271089 5.49999999875801837135 
0.000150 1.49999999999263233796 3.50000000156316337652 5.49999999960570562507 
0.000100 1.50000000465069849298 3.49999999922956428478 5.50000000660499654970 
0.000070 1.50000000132325128632 3.50000000065155303375 5.50000000353677531706 
