0.100000 2.50003003230606202223 4.50012340327061899359 6.50028197427155873811 
0.070000 2.50000476121849946054 4.50001902044861079588 6.50004204447446642945 
0.046550 2.50000054490510059679 4.50000201283963896515 6.50000410703510400623 
0.032000 2.50000006737012059332 4.50000020740839801192 6.50000036656636481780 
0.021670 2.50000000600683858210 4.50000000791255150290 6.50000010074228917745 
0.014780 2.50000000011955147983 4.49999999707900943946 6.50000009779297194257 
0.010000 2.49999999985482901366 4.49999999937684158624 6.50000011849562930877 
0.006900 2.49999999994357491317 4.50000000048110404549 6.50000012317469888501 
0.004500 2.49999999998854471883 4.50000000087474649746 6.50000012744825639288 
0.003200 2.49999999999886313162 4.50000000102741992691 6.50000013724304714913 
0.002200 2.50000000000069677597 4.50000000100789332436 6.50000013239847618252 
0.001500 2.50000000000169864123 4.50000000103817487940 6.50000013537177512291 
0.001000 2.49999999999645927673 4.50000000104294617387 6.50000013602379222988 
0.000694 2.50000000000816946510 4.50000000104206154816 6.50000013600887704968 
0.000470 2.50000000001123945381 4.50000000105255271166 6.50000013669386866866 
0.000323 2.49999999999094812964 4.50000000105126751748 6.50000013685345123804 
0.000220 2.49999999997656097150 4.50000000105483000112 6.50000013728163050786 
0.000150 2.49999999996729505014 4.50000000101943253838 6.50000013716903346506 
0.000100 2.50000000003013633787 4.50000000106849196158 6.50000013730611403417 
0.000070 2.50000000018053025741 4.50000000113550324699 6.50000013708663804124 
