0.100000 2.50003003230529197154 4.50012340272589828061 6.50028192229140788783 
0.070000 2.50000476121766856963 4.50001902003862230828 6.50004198712652581094 
0.046550 2.50000054490279399744 4.50000201183753834044 6.50000397607184243753 
0.032000 2.50000006736871593915 4.50000020676949397114 6.50000028014479891425 
0.021670 2.50000000600446048438 4.50000000688538914773 6.49999996677532809741 
0.014780 2.50000000011748557682 4.49999999618070578578 6.49999997941496232556 
0.010000 2.49999999985259080404 4.49999999842596398736 6.49999999373233805500 
0.006900 2.49999999994130783776 4.49999999952924589763 6.49999999829142094399 
0.004500 2.49999999998611199814 4.49999999989857535354 6.49999999965052399631 
0.003200 2.49999999999591304700 4.49999999997196464818 6.49999999990543475548 
0.002200 2.49999999999834754405 4.49999999999257838112 6.49999999997765876003 
0.001500 2.49999999999932676076 4.49999999999836663989 6.49999999999573230269 
0.001000 2.49999999999423083707 4.49999999999879385371 6.49999999999477040546 
0.000694 2.50000000000546673817 4.49999999999860733624 6.49999999999750865953 
0.000470 2.50000000000848121573 4.49999999999924860106 6.49999999999528732531 
0.000323 2.49999999998882582730 4.49999999999194510991 6.49999999999218491809 
0.000220 2.49999999997509947391 4.50000000003105871116 6.50000000000714361903 
0.000150 2.49999999996380672940 4.49999999996435384730 6.49999999998593924744 
0.000100 2.50000000002017630507 4.49999999996582555895 6.50000000003940936466 
0.000070 2.50000000017804380192 4.50000000004850697621 6.50000000018924506406 
