0.100000 3.49999521810509817143 5.49997143040989300289 7.49990632848342642092 
0.070000 3.49999882936178519088 5.49999302234323206306 7.49997716690282789642 
0.046550 3.49999976949043034580 5.49999862724193189223 7.49999551133681041648 
0.032000 3.49999994842887440782 5.49999969297175006488 7.49999899631562794156 
0.021670 3.49999998914939514094 5.49999993540548803850 7.49999978885496787484 
0.014780 3.49999999765190450418 5.49999998601983453028 7.49999995430490606907 
0.010000 3.49999999950894125078 5.49999999707082043443 7.49999999042415410599 
0.006900 3.49999999989259302779 5.49999999933587524481 7.49999999782948201243 
0.004500 3.49999999998160005177 5.49999999988017762576 7.49999999960804686339 
0.003200 3.49999999999603428336 5.49999999996814370462 7.49999999989994048377 
0.002200 3.50000000000407718304 5.49999999999410515983 7.49999999997730970591 
0.001500 3.50000000000435029790 5.50000000000033484326 7.49999999999408561990 
0.001000 3.50000000000387245791 5.50000000000909761155 7.49999999999608046863 
0.000694 3.50000000000631716901 5.50000000000899369468 7.50000000000113686838 
0.000470 3.50000000000064126482 5.50000000000614530649 7.50000000000068212103 
0.000323 3.50000000002426769896 5.50000000001322408849 7.49999999998018829217 
0.000220 3.50000000000391153776 5.49999999997460253809 7.49999999999729638489 
0.000150 3.49999999998420241454 5.50000000003984901298 7.49999999994429256134 
0.000100 3.49999999996215072073 5.50000000006996625501 7.50000000007631761889 
0.000070 3.49999999994402211101 5.49999999994637267520 7.49999999979076470424 
