0.100000 3.49999521811552583017 5.49997143397690102518 7.49990669311165625288 
0.070000 3.49999882937252282389 5.49999302629954556210 7.49997756784275981801 
0.046550 3.49999976951813085435 5.49999863661411936278 7.49999639642439053233 
0.032000 3.49999994844904316338 5.49999969903971663854 7.49999959059604570655 
0.021670 3.49999998918275334603 5.49999994500066602399 7.50000069338969588273 
0.014780 3.49999999768116731858 5.49999999445323961567 7.50000075775572483394 
0.010000 3.49999999953942841913 5.50000000597970029048 7.50000083534649419903 
0.006900 3.49999999992030241813 5.50000000825434032237 7.50000084353027052231 
0.004500 3.50000000001198152688 5.50000000901606789228 7.50000086420365175144 
0.003200 3.50000000002988498338 5.50000000981936487676 7.50000092621819014482 
0.002200 3.50000000003197531129 5.50000000947520550909 7.50000089450988305373 
0.001500 3.50000000003339062360 5.50000000970229585562 7.50000091363540555278 
0.001000 3.50000000003233946444 5.50000000975125580283 7.50000091784744427059 
0.000694 3.50000000003827382855 5.50000000975365299638 7.50000091770134780234 
0.000470 3.50000000003093436618 5.50000000980245840054 7.50000092216019265123 
0.000323 3.50000000005367262190 5.50000000980326575473 7.50000092317489741589 
0.000220 3.50000000002877387217 5.50000000984164127971 7.50000092580480703930 
0.000150 3.50000000002727151838 5.50000000987092363403 7.50000092504509208169 
0.000100 3.50000000000383204579 5.50000000978343717151 7.50000092547407515298 
0.000070 3.49999999996709343364 5.50000000984717374308 7.50000092597709322462 
