0.100000 2.50003003230524400990 4.50012340272584321355 6.50028192229221701837 
0.070000 2.50000476121757930770 4.50001902003853970768 6.50004198712764225121 
0.046550 2.50000054490271805818 4.50000201183747705613 6.50000397607380975273 
0.032000 2.50000006736868352064 4.50000020676943979225 6.50000028014730801829 
0.021670 2.50000000600441607546 4.50000000688540158222 6.49999996677690816682 
0.014780 2.50000000011744294426 4.49999999618068091678 6.49999997941704776849 
0.010000 2.49999999985261789348 4.49999999842592135479 6.49999999373471570863 
0.006900 2.49999999994130117642 4.49999999952937290715 6.49999999829411123642 
0.004500 2.49999999998603472662 4.49999999989859222893 6.49999999965316277439 
0.003200 2.49999999999589039845 4.49999999997199040536 6.49999999990772892033 
0.002200 2.49999999999829647379 4.49999999999257482841 6.49999999998033750614 
0.001500 2.49999999999928546046 4.49999999999832045461 6.49999999999822453134 
0.001000 2.49999999999419619812 4.49999999999875299750 6.49999999999696331798 
0.000694 2.50000000000549915669 4.49999999999859756628 6.50000000000044764192 
0.000470 2.50000000000845368220 4.49999999999919086946 6.49999999999866151512 
0.000323 2.49999999998884936403 4.49999999999189093103 6.49999999999626432157 
0.000220 2.49999999997504174232 4.50000000003112443636 6.50000000000837641068 
0.000150 2.49999999996375077416 4.49999999996431832017 6.49999999998687538749 
0.000100 2.50000000001962519036 4.49999999996586996787 6.50000000004479083771 
0.000070 2.50000000017804735464 4.50000000004846256729 6.50000000019057555534 
