0.100000 1.50000338343776729033 3.50001183497253176569 5.50002323168346674009 
0.070000 1.50000116079831680160 3.50000406149347220719 5.50000797500598270773 
0.046550 1.50000034141303184576 3.50000119475379367628 5.50000234638880503013 
0.032000 1.50000011092083540554 3.50000038817804171032 5.50000076240163426888 
0.021670 1.50000003444884155712 3.50000012055965825652 5.50000023679141936128 
0.014780 1.50000001092912449430 3.50000003825298477977 5.50000007513784439084 
0.010000 1.50000000338700334446 3.50000001184996722969 5.50000002327433801241 
0.006900 1.50000000112078857306 3.50000000390295795683 5.50000000765136043412 
0.004500 1.50000000032044278342 3.50000000108400888266 5.50000000211315853704 
0.003200 1.50000000010666645345 3.50000000040183500971 5.50000000074775385883 
0.002200 1.50000000003434874607 3.50000000010615908153 5.50000000023765345247 
0.001500 1.50000000003298739060 3.50000000005136380210 5.50000000005454925400 
0.001000 1.49999999998199418094 3.50000000014688827932 5.50000000006314504475 
0.000694 1.50000000020325074956 3.49999999999435873477 5.50000000014247536484 
0.000470 1.50000000028422086906 3.49999999980815879042 5.49999999975900788485 
0.000323 1.49999999820862361943 3.49999999956537566348 5.50000000008668710194 
0.000220 1.49999999822239127312 3.50000000065119465376 5.49999999875958156537 
0.000150 1.49999999999770827763 3.50000000156732049561 5.49999999960913665831 
0.000100 1.50000000465248817250 3.49999999923438043226 5.50000000660891785742 
0.000070 1.50000000132838784417 3.50000000065246208436 5.50000000354023388383 
