0.100000 2.50003003230524400990 4.50012340272584321355 6.50028192229221701837 
0.070000 2.50000476121757930770 4.50001902003853970768 6.50004198712764225121 
0.046550 2.50000054490271805818 4.50000201183747705613 6.50000397607380975273 
0.032000 2.50000006736868352064 4.50000020676943979225 6.50000028014730801829 
0.021670 2.50000000600453509136 4.50000000688564849582 6.49999996677690816682 
0.014780 2.50000000011756595697 4.49999999618068091678 6.49999997941709306559 
0.010000 2.49999999985264231839 4.49999999842592135479 6.49999999373471570863 
0.006900 2.49999999994130117642 4.49999999952937290715 6.49999999829421870601 
0.004500 2.49999999998608668506 4.49999999989901500186 6.49999999965316277439 
0.003200 2.49999999999605737599 4.49999999997199040536 6.49999999990772892033 
0.002200 2.49999999999829647379 4.49999999999257482841 6.49999999998033750614 
0.001500 2.50000000000087085894 4.49999999999835953446 6.49999999999835864628 
0.001000 2.49999999999419619812 4.49999999999895372582 6.49999999999696331798 
0.000694 2.50000000000549915669 4.49999999999924238381 6.50000000000305444559 
0.000470 2.50000000000869171402 4.49999999999919086946 6.49999999999866151512 
0.000323 2.49999999998884936403 4.49999999999215294366 6.49999999999675459605 
0.000220 2.49999999997515631733 4.50000000003199840393 6.50000000001468336563 
0.000150 2.49999999996430410931 4.49999999996469224328 6.49999999998698108072 
0.000100 2.50000000001969224783 4.49999999996665867030 6.50000000004479083771 
0.000070 2.50000000017850787515 4.50000000004862688030 6.50000000019334311929 
