0.100000 3.49999521810376501563 5.49997143040878455622 7.49990632848342642092 
0.070000 3.49999882935933470662 5.49999302234273379497 7.49997716690282789642 
0.046550 3.49999976948481883454 5.49999862724179688911 7.49999551133681041648 
0.032000 3.49999994842816342100 5.49999969297175006488 7.49999899631416688806 
0.021670 3.49999998914850474208 5.49999993540333509401 7.49999978885496787484 
0.014780 3.49999999765138758434 5.49999998601974127155 7.49999995430480392855 
0.010000 3.49999999950776974345 5.49999999707024933571 7.49999999042415410599 
0.006900 3.49999999988845544863 5.49999999933578465061 7.49999999782948201243 
0.004500 3.49999999997973043619 5.49999999987990406680 7.49999999960756102979 
0.003200 3.49999999999578337295 5.49999999996808774938 7.49999999989993071381 
0.002200 3.49999999999928146366 5.49999999999396571582 7.49999999997690824927 
0.001500 3.49999999999763966585 5.50000000000033484326 7.49999999999408561990 
0.001000 3.49999999999859490174 5.50000000000285282908 7.49999999999608046863 
0.000694 3.50000000000604272188 5.50000000000229682939 7.50000000000081801232 
0.000470 3.49999999999841016063 5.50000000000569055914 7.50000000000058975047 
0.000323 3.50000000002065814186 5.50000000001322408849 7.49999999997492494686 
0.000220 3.50000000000265920619 5.49999999997038813149 7.49999999999725996958 
0.000150 3.49999999998045607796 5.50000000003919886638 7.49999999994429256134 
0.000100 3.49999999995967625566 5.50000000006840750189 7.50000000007221334641 
0.000070 3.49999999994256949520 5.49999999994333599318 7.49999999979076470424 
