0.100000 3.49999521810373614983 5.49997143040882274789 7.49990632849165894669 
0.070000 3.49999882935933559480 5.49999302234280129653 7.49997727941776748395 
0.046550 3.49999976948623681139 5.49999862724189281238 7.49999551135559627824 
0.032000 3.49999994842816342100 5.49999969296846469291 7.49999899633863442716 
0.021670 3.49999998914854693055 5.49999993540340170739 7.49999978887127127791 
0.014780 3.49999999765138980479 5.49999998601985140567 7.49999995432598165479 
0.010000 3.49999999950779772107 5.49999999707031950180 7.49999999044802123649 
0.006900 3.49999999988859400446 5.49999999933593120005 7.49999999785541504593 
0.004500 3.49999999998005195678 5.49999999988007015617 7.49999999963245223000 
0.003200 3.49999999999577804388 5.49999999996828492499 7.49999999992552623951 
0.002200 3.49999999999930899719 5.49999999999402877648 7.50000000000381916720 
0.001500 3.49999999999762723135 5.50000000000651834142 7.50000000002097344520 
0.001000 3.50000000000697397695 5.50000000000342925688 7.50000000002432898327 
0.000694 3.50000000000934408106 5.50000000000652899956 7.50000000003311750874 
0.000470 3.49999999999858513178 5.50000000000628563868 7.50000000002700151214 
0.000323 3.50000000002169553426 5.50000000001360955793 7.50000000000147881707 
0.000220 3.50000000000287769808 5.49999999997195665458 7.50000000002750333294 
0.000150 3.49999999998077093721 5.50000000003991207365 7.49999999996703792249 
0.000100 3.49999999995987121082 5.50000000006856382129 7.50000000011388046062 
0.000070 3.49999999994198862652 5.49999999994343102827 7.49999999982321341463 
