0.100000 1.50000338343751438153 3.50001183497030332603 5.50002323168131113107 
0.070000 1.50000116079585188444 3.50000406148948517426 5.50000797500122651229 
0.046550 1.50000034141223648199 3.50000119475075122111 5.50000234638538376686 
0.032000 1.50000011091628593363 3.50000038817324554685 5.50000076240137314443 
0.021670 1.50000003444488849702 3.50000012055662779176 5.50000023678896621249 
0.014780 1.50000001092842283335 3.50000003825074657016 5.50000007513419042482 
0.010000 1.50000000338592798244 3.50000001184934061982 5.50000002327451564810 
0.006900 1.50000000112084630466 3.50000000389847043536 5.50000000764858132385 
0.004500 1.50000000032027158703 3.50000000108019460043 5.50000000211669881622 
0.003200 1.50000000010591594268 3.50000000039821168585 5.50000000074464079347 
0.002200 1.50000000002942002197 3.50000000010244560755 5.50000000023733015553 
0.001500 1.50000000002873479232 3.50000000004790789987 5.50000000005413891557 
0.001000 1.49999999997965693943 3.50000000014762635558 5.50000000006272848907 
0.000694 1.50000000020438517545 3.49999999998982325167 5.50000000014215384425 
0.000470 1.50000000028395330531 3.49999999981095744062 5.49999999975397191321 
0.000323 1.49999999820591023436 3.49999999956464113993 5.50000000008246026084 
0.000220 1.49999999822101992564 3.50000000065455063591 5.49999999875932488180 
0.000150 1.49999999999268518458 3.50000000156539980978 5.49999999960656538178 
0.000100 1.50000000465211225098 3.49999999923008831004 5.50000000660983623391 
0.000070 1.50000000132387167895 3.50000000065223204615 5.50000000353756135496 
